1.9747231
1.3809361
2.2526946
1.9204978
1.1847566
2.3753428
2.6975665
10.590396
2.6762767
7.4304247
7.4420166
4.423244
3.645772
3.7920508
3.1720457
5.6362433
3.3885388
6.976477
10.306365
10.724507
10.663894
4.755197
9.915151
9.874334
7.1702805
7.2310553
7.173991
6.5890837
8.77025
5.1764817
9.030057
6.3311415
4.015355
3.6167226
3.7746682
2.9127607
2.5143018
4.4808693
1.5315639
2.2749104
0.58579874
0.23555267
-2.972952
-1.7200269
6.733166
5.110917
2.231295
1.4941703
1.3915348
1.9514413
2.0907776
1.307726
0.9391784
1.9144355
2.6956363
1.1214827
0.7882516
1.359121
1.6355249
1.3936703
1.7656223
2.1186457
1.3567865
1.43583
1.3406689
0.9868872
1.8153352
1.4082963
1.4668415
1.4735129
1.3664947
8.598303
5.862183
0.7086898
9.516313
9.693681
3.6430879
7.3679943
-0.26745868
1.2079954
3.3438654
1.5488242
1.5698155
2.3923855
2.9290104
2.0754724
2.6905408
3.0271096
1.7641602
5.090374
3.998126
2.2322068
4.8149996
3.8696785
3.4972
3.4507232
2.7838044
1.1730839
0.55154
2.6060495
1.3973147
0.33669016
1.0715297
0.24077547
1.4061633
-0.9238919
-0.93962705
-0.4073866
3.1694417
5.64157
4.0675087
4.7533793
-1.5180453
-0.5893453
7.550668
9.477223
7.938611
8.007058
6.824912
9.330392
0.81267923
-1.7527786
0.4447114
-0.8328954
7.39482
5.733198
6.4027967
5.763134
11.710942
12.249141
4.4699297
4.6892824
6.0192604
3.653391
5.5561247
6.940015
3.1150517
2.8723464
3.855482
1.3109452
7.6630135
4.945014
6.292867
4.392405
7.36835
8.393498
6.204499
2.7994413
3.7442145
5.046315
5.7162733
3.7330503
7.802917
8.126499
6.420204
6.424707
7.100767
4.7390065
8.49389
7.704558
7.2071095
6.8271694
8.04825
9.424977
9.186729
3.0263124
6.8009567
6.45728
7.844405
6.35421
5.1989136
5.7988863
7.21173
7.9479394
7.3038707
3.3572388
4.7546115
3.2750053
4.608022
3.6771936
4.950711
5.091339
3.9908504
3.8164306
4.7252836
6.361985
4.413186
6.70656
5.417494
3.9111743
3.7683306
3.9372597
4.301857
7.2768364
5.4518905
4.85583
6.0517445
6.559474
5.898051
5.898051
2.8847775
6.4104776
7.1006827
4.448964
4.9553375
7.184858
7.0350437
9.438518
8.35607
8.263967
9.194119
9.672555
5.3533497
6.2165337
4.486743
4.3096366
7.2437315
6.5253553
5.229495
5.4066653
4.476219
5.962215
3.300188
5.0923815
2.6797032
2.097373
2.6954622
5.008483
2.5020947
3.4597006
4.6257343
6.677247
7.093904
3.8049264
6.418539
2.14191
4.3527327
3.4597006
6.3841314
6.415467
4.729835
4.1409273
4.6252317
7.193704
7.302878
6.1101995
6.8899965
5.86274
4.6414137
5.7408304
6.019885
5.5634365
6.257143
5.086065
5.804843
5.759999
5.687576
6.613229
6.332986
4.604928
3.9116344
5.2771425
5.198645
3.5320802
5.0595818
5.457016
2.7915998
2.8127522
2.8641915
3.4232554
4.0618873
4.3040743
6.7619877
7.222619
6.1736116
4.8828874
6.76186
4.1470838
5.278856
5.223567
6.669441
4.0920377
5.0473485
3.6134858
5.637641
3.0053768
6.399635
2.803658
3.1643114
3.5400453
5.070689
3.0735474
3.6987872
7.404327
4.8059225
6.37129
7.0858035
4.7235255
5.937673
6.8792076
1.8017578
5.7205763
6.616229
4.887217
5.660818
4.913349
4.9254036
7.0176992
7.3325677
2.5553784
6.6535907
5.321154
6.9495707
3.6025362
3.9817905
4.5022287
1.2853942
2.6137342
4.498598
3.7815723
5.2585135
3.7760844
1.4962715
4.350661
1.0966206
6.2022753
1.1653271
2.8011165
4.5406213
2.485756
5.208806
6.864593
2.8884153
5.3479652
2.5954475
6.6123724
5.646755
1.4186872
1.2853942
3.8603654
5.5410056
8.702102
2.6644797
1.7651237
1.7378064
1.7124878
1.8969449
3.1944547
4.449654
7.99448
7.6517067
7.246729
6.1935205
7.896603
4.5798926
7.46286
4.1448164
9.959869
5.002371
6.353483
5.946435
6.913355
6.4091406
7.317658
3.0719323
5.5410056
5.533428
5.6604443
8.834085
5.92002
8.297578
7.367126
7.141732
5.92043
7.0817347
4.8109884
6.0816355
4.730105
8.506494
4.006841
5.4317684
3.539607
5.5201235
9.698676
7.019231
8.073198
9.692309
7.260353
5.0244713
5.2512484
5.655863
4.7270093
2.6194644
1.7704891
2.7851486
2.4972763
1.6117367
2.1312082
2.0127144
8.239253
8.106093
5.843989
6.307498
6.9956646
8.737258
5.5618
6.8539324
7.076988
6.4709244
5.6080937
9.618406
8.529029
8.308555
4.834814
7.1558456
6.3822203
9.539737
9.125673
9.743371
9.273152
7.226631
5.9502897
7.2705693
5.2999763
8.542909
7.5220346
2.929462
7.055634
5.509852
8.804116
6.9121284
5.663667
3.776321
5.153975
7.4550376
3.6980681
4.5453067
3.192027
6.848873
1.5959109
1.5051786
4.501209
8.004185
8.923895
7.3736362
10.165196
9.263884
6.169784
11.441536
4.864307
7.2358913
4.8556986
10.125283
10.339155
6.1179056
7.294568
10.290778
6.9899244
6.902311
1.2853942
3.6987605
3.1202416
4.6255355
4.1448164
5.9739833
6.084552
6.084552
5.936127
4.5821815
4.816134
4.254795
7.3853054
5.788414
5.1292477
3.1202416
5.8272295
6.648419
7.234872
4.3410387
3.8518538
4.061007
6.9816947
4.5657463
5.0963306
6.7583714
5.8963733
6.0461807
6.52089
5.8717194
7.4398527
7.3236637
6.0497985
6.535843
2.3479767
9.895165
7.1013064
9.295281
7.1939707
9.556531
5.8981724
7.4067245
8.125519
7.0049553
4.649108
3.633935
7.767078
7.8532896
9.828793
8.720332
10.111563
2.5618057
8.932576
4.6947107
7.0398617
4.393306
4.666278
5.3237314
4.307581
4.4180784
5.0376787
9.6771555
8.593918
6.01746
6.240138
4.056255
3.2930155
5.6116037
9.459546
9.441022
8.583977
5.451936
4.8303804
8.690008
7.9325104
7.5119505
8.617496
9.485937
7.5890303
6.632334
5.0208883
4.2549896
7.3274307
6.387919
5.153302
5.5806756
5.2007017
4.896079
7.598508
2.8729153
5.214961
5.49494
6.324417
4.737631
5.77717
3.278428
4.5463467
3.551978
4.1643314
4.582069
4.7193475
4.5400915
7.1331797
3.9177895
8.031995
6.715417
10.190276
3.1983576
2.9736366
1.7471863
1.2660801
4.7385426
5.7932215
3.7495265
10.120603
10.120603
7.070305
5.0071616
3.8001022
6.2840357
7.942476
5.2096176
5.67204
5.021119
10.353595
6.618354
4.793434
3.2522268
9.370904
9.621003
10.525201
3.7605648
7.288622
4.9597244
3.7485862
9.051386
6.0599637
4.2636213
2.9048457
7.7418866
2.5203772
3.897256
2.912372
2.0878348
8.607359
4.2805758
7.7748585
10.3631
5.3387322
4.12989
9.932562
3.5736551
3.2537112
3.0807433
5.107566
9.940377
5.200902
4.4931192
9.888315
5.660116
4.7171383
1.8743397
5.42931
6.1282234
3.3039756
3.4761992
2.6795769
8.577226
5.169691
6.1089115
10.817706
8.5633335
2.9288821
7.9361544
10.710911
10.996999
6.291505
4.6718607
7.049196
9.659677
2.8695316
9.691309
10.71021
7.5133677
6.116677
7.3829155
8.782437
5.7887573
2.945911
6.106759
3.3707519
3.305838
5.881375
3.3536425
7.7297897
2.8104763
2.561946
7.094825
2.4682584
4.1311746
4.3426323
5.3956423
3.032586
5.0199623
7.1995163
3.2945662
2.3495002
4.527808
8.67577
6.720335
6.446061
5.489347
5.1338286
3.841426
4.7493553
4.0461516
2.6893873
4.010783
6.4680276
6.9918375
7.8287373
7.781478
8.767102
7.8081098
8.440431
9.1606245
8.085422
7.13514
7.012223
5.0191994
5.4491444
2.4146938
8.005895
9.015174
6.632924
7.6970625
5.1579304
10.072304
10.644082
9.42745
7.878219
9.974721
6.6315613
4.7060003
4.395494
4.845295
6.533974
2.505435
6.7721043
8.222272
4.9592037
4.948255
5.543828
3.3644328
7.9660387
5.430615
5.754569
4.4774513
5.8022356
4.1407638
4.930541
4.0304184
9.055493
9.606932
5.16765
6.308557
2.5650344
8.372003
6.2580814
6.965063
6.596216
1.4422871
4.431099
4.827505
2.13371
7.716708
6.9613986
4.5579853
-1.7048045
2.4537835
-0.41036475
5.953839
4.028262
4.678782
-1.615645
0.79255015
2.4946709
3.2268882
4.928359
0.7877881
-0.019616187
2.4849067
8.220678
4.291398
3.3948927
2.8829727
1.3290921
1.0128456
0.85815203
0.41001213
1.01325
-0.14315504
2.9455833
-3.2334929
-0.20892817
-0.07772374
0.5107321
3.1704412
4.692625
1.3543057
0.71030426
2.8420415
3.0417018
-3.3693104
7.969182
5.3670597
9.111537
7.014969
6.4493766
1.9887328
3.7259345
-1.2871553
-0.6943418
9.73476
10.388819
10.469251
10.339292
10.169532
10.413868
9.590297
9.794209
9.782273
9.610325
10.297425
10.306016
9.205939
9.752425
10.307734
9.757125
9.850785
10.099097
10.190871
10.135735
10.138528
6.851372
7.1143203
6.7609825
9.46029
8.834764
10.152948
10.712829
9.45997
6.7887363
6.7743006
5.7900233
5.7900233
9.212269
6.851372
6.6840715
6.6186724
6.8354015
9.617547
10.305446
9.963654
10.067351
9.879184
10.191966
9.809432
10.097639
9.53519
10.314408
10.227304
10.277951
10.024557
10.606307
10.365677
10.017662
10.585637
10.261697
7.5658355
9.069864
8.818925
7.748534
9.012406
7.103958
8.055701
11.525121
7.222619
5.9794636
10.68897
10.976136
6.1595554
9.785464
11.079251
10.267645
8.696992
9.994658
9.628029
8.662303
8.1477995
9.232011
6.939291
8.271013
6.478831
6.478831
7.2096195
4.886202
8.422956
7.683975
5.516638
5.22969
7.514265
3.510045
6.741745
9.785594
4.052323
10.709615
5.492412
4.566183
8.2159605
6.5611224
6.300597
4.5313654
7.063405
2.6642275
9.950382
10.465973
10.159325
5.8795404
11.564381
5.375243
5.1221633
11.526469
9.81631
9.773059
9.179051
11.216081
11.272618
2.7045503
0.5000472
-0.20803809
0.23224476
2.3768587
1.8088868
10.129956
8.773963
5.1674147
2.892137
8.425091
5.603212
6.2363
6.9588985
6.1596384
5.4507866
6.674565
9.584294
1.7438061
-0.07697573
1.158757
12.429959
9.537605
10.589524
6.7045283
5.709613
5.982755
8.135848
8.323222
10.355293
12.169894
8.465534
10.155618
9.518684
8.50122
11.556594
13.504143
11.99649
2.9663615
7.4602723
3.530528
4.8000994
8.446401
8.530951
7.743625
9.227748
9.088672
6.080427
7.7463093
9.090633
5.1531763
6.756879
5.959579
4.4568057
6.0117445
3.5635395
1.3280139
1.4496416
7.422428
1.7096776
1.7983171
1.1174126
1.1746128
2.3905182
0.012909472
0.95481074
3.2303057
4.0054746
2.0290418
3.448872
2.1423492
4.9149647
4.4121222
4.260438
2.991148
8.618439
6.595925
6.5990725
9.893986
8.731402
6.54622
8.831559
10.305161
7.512126
7.4722795
6.4821854
2.0549488
7.440115
5.011444
3.468804
3.6575518
4.5970893
2.8458529
10.2413025
8.221099
4.0174084
8.263127
10.952992
7.637086
5.2127495
6.873803
4.7864904
2.7682424
3.0901437
1.899733
6.864214
3.676766
5.3746376
5.4023566
9.575889
7.58152
6.2643538
7.589582
4.398439
5.3335524
7.5513277
6.3750854
2.838211
4.31206
2.59028
7.42902
3.9681215
4.8402104
13.257054
9.386031
9.712995
13.709929
6.406461
6.434246
8.12035
6.5487204
6.2522264
6.1653275
9.54472
9.232673
9.634921
9.509977
1.1776025
0.74049294
-1.2069
6.9203606
4.657487
5.6505632
1.6264774
3.1086626
9.705181
7.3580217
8.317331
10.220113
8.342343
9.857165
9.689643
6.6514344
6.0835004
5.539592
6.0225573
4.4110956
6.124961
6.817112
5.061906
6.4182367
10.7407055
7.281511
10.470412
8.684617
8.338821
5.1364727
5.0710897
5.483939
6.256155
5.1997776
5.4466753
5.661226
5.080741
5.7248125
3.9811769
7.1628137
6.760293
6.6350965
7.1811523
6.8422117
7.666589
5.979628
6.356222
5.501814
6.0509396
6.6329827
7.3569326
3.9038978
6.6470265
6.320427
8.049984
4.6487393
6.796033
7.481319
7.9332256
6.02433
6.568549
7.9651423
8.00275
10.346538
9.340573
5.570881
8.991391
3.356422
5.9864407
4.966504
9.577323
5.3349023
8.828065
6.228396
10.369077
5.8290095
5.422082
5.7293525
5.908795
10.410665
9.761266
10.392398
9.690095
7.9728174
7.5347958
6.559083
5.792847
2.6295357
2.6291595
9.656922
9.739915
5.9457397
3.89433
8.707177
9.724696
7.899223
9.4812975
8.48586
6.1956367
5.5372686
3.6580362
2.2394118
4.495037
4.3572025
1.5658244
0.29937953
3.8484392
2.727109
0.9184258
6.3369546
2.0840883
2.2930014
9.798654
9.415099
10.102666
8.036721
7.7239776
8.468147
6.7106333
8.295718
4.7218432
8.700974
4.0134835
6.1077585
5.3163323
5.027692
3.1202416
6.7463703
6.67843
3.578978
9.861554
10.891114
11.491517
11.8297205
12.043972
11.280102
11.466869
11.261346
11.990163
10.5876255
12.0048685
9.184131
11.988545
6.832223
7.1322093
11.784545
11.400739
12.121505
11.846831
11.064528
8.375931
7.9097815
8.722122
6.476936
4.5571594
9.802365
9.276742
3.3712034
2.5513096
8.800527
2.4344292
1.3730061
4.4845543
8.616095
7.7266164
6.977875
10.337167
10.100993
6.980666
6.9109845
7.075759
9.535257
8.331553
10.272304
9.317838
6.3538103
10.952449
0.95281893
4.1867924
3.589963
8.247685
9.23224
2.2449484
4.7294636
5.2332964
4.3088584
4.600801
5.977792
6.9015846
10.067142
11.394408
9.386031
9.597865
2.2401302
2.9216127
3.8749185
3.7930207
6.349787
4.4550147
2.5515547
2.3337936
2.521758
2.6753669
2.1640325
2.3458638
2.5738378
7.615428
3.6426563
3.7858338
3.527401
3.8745313
6.8873296
8.469335
3.308671
4.586731
7.185384
4.332168
2.557107
4.3502254
4.361983
3.6725388
0.23198432
3.596704
2.7811527
6.0673456
3.1731262
2.3223004
6.136491
6.2305384
4.588383
3.1289043
3.7570782
10.197691
10.255835
10.332244
9.86058
9.86727
8.717157
10.628186
9.794596
8.205897
7.1169786
6.5821586
6.09184
9.455869
5.9853115
5.4341016
7.451831
3.7288299
3.9503908
3.3036675
5.1203575
4.7585974
6.351627
8.5614605
10.8254595
3.8599405
3.804326
6.199765
7.707331
2.744563
5.9521246
6.75089
6.013484
6.089198
4.704438
4.612356
2.803412
3.7538595
6.0597324
6.7201014
6.883545
5.6541195
6.140581
7.090737
6.3232775
6.4351315
8.018551
7.677693
8.892642
3.1980066
4.2902265
4.34763
4.3355527
5.862766
4.634327
7.700826
1.6871437
2.3082447
2.5094657
6.848778
4.9277787
2.7369657
3.1609192
4.678561
1.8545929
5.538025
6.542856
5.7485766
5.286767
8.25666
2.8284335
0.94931954
0.73436403
7.263007
3.8522997
6.0373936
9.033015
12.660134
3.0718417
3.5489202
3.2449484
4.7813797
5.538772
3.9589705
4.1008983
4.735814
1.9439362
4.517084
7.1947374
5.33622
5.4803324
5.912242
5.207916
5.5795307
5.7030764
10.044797
8.526513
1.9367319
2.0798726
4.7686577
8.482022
6.3669777
4.302022
4.075374
4.007387
5.3109164
3.5088506
3.5747871
8.09859
8.494222
2.4320378
2.287746
2.4139686
5.378107
2.1425796
2.5072355
2.900207
2.6530309
1.5002902
9.494257
10.587218
8.77757
9.789224
6.5698
9.065085
9.784238
9.386052
9.080967
3.899454
5.320359
8.73463
10.005397
6.636341
7.5883865
7.7667093
3.1979012
3.955731
4.0975213
6.7869716
3.128767
3.645339
5.921294
3.1378922
2.5518875
5.4159536
5.2521553
4.56413
4.668664
2.9994164
5.0652695
3.7869167
3.4682283
3.8784761
3.622808
3.0797153
3.0646596
2.6074772
2.3823438
3.0351954
3.706828
4.140312
5.504898
1.5543536
2.7827172
4.243815
1.4641873
6.1537604
0.8809825
1.934189
2.0255737
4.7841988
2.6458225
2.982091
8.446109
4.2870913
9.714791
4.43674
9.389362
4.7896037
3.9436388
7.1833296
6.5373206
4.337621
10.676137
9.901338
6.6491394
7.818928
3.5734859
6.888855
9.778867
4.1294622
9.783657
10.862956
10.242788
9.366226
3.2398262
5.7831955
6.963602
5.361494
4.8038425
6.918754
4.6407766
6.768594
8.001887
7.608967
5.634139
5.95068
7.3808928
5.161375
6.5690413
3.193842
2.0638604
7.408745
8.395134
4.566943
3.565732
5.9294014
6.9457035
3.6090856
3.0126224
3.0126224
3.5969062
3.240663
1.7774403
2.278369
5.683162
4.5819745
7.97352
8.322331
6.616206
6.570835
6.008594
8.322693
7.8237014
5.6395993
5.6395993
4.872818
5.9138885
5.3591914
5.456893
2.4934487
2.8155804
7.612068
5.6678944
3.392693
8.518505
7.943535
4.6051645
2.8748436
8.384543
8.137363
2.9347744
8.265226
8.146755
8.357126
7.2694983
7.02458
5.5424323
4.7875514
2.9347744
8.209778
8.061608
8.164728
8.312115
8.212778
7.02458
7.2528977
5.484563
7.886827
7.5844946
5.870085
6.252114
6.3154516
5.5548325
4.701131
7.9837303
6.5989785
5.1017423
5.0833454
6.0230546
5.9952955
6.401354
5.0484214
9.9905205
6.626299
3.595377
3.1627245
1.0181686
1.1149745
-0.6479808
3.4827933
2.376297
1.1159372
7.927157
6.516322
7.6654687
8.093881
5.5533967
2.0736604
4.474043
3.6466618
3.4244542
3.0346904
1.2918701
2.8783011
4.345187
1.6601069
2.7115645
5.0904512
2.34298
5.447251
6.4691796
1.7407745
2.4068546
5.003255
7.4152365
5.7962055
6.719682
6.1130147
6.7756405
8.67558
9.07225
8.337225
6.9520745
7.793989
4.3552594
4.2602725
7.7590284
8.253683
4.940034
4.726236
2.2060807
10.351888
11.59497
10.911284
8.224239
8.167845
6.616809
6.157943
8.721585
5.2238245
4.710619
4.2531314
3.780181
5.996871
6.9168196
6.7655063
7.3266125
6.9075074
6.426444
6.06589
4.887004
6.272827
5.9942236
3.9509554
7.0658526
4.5467854
4.5800047
7.008897
5.0035257
5.4892817
6.241584
5.241067
4.7776504
7.154567
7.682585
4.1710587
4.094921
7.808382
2.9211955
5.923634
9.189294
5.0309753
4.7933536
7.744973
9.667538
6.06592
3.4100928
2.5422893
3.3813906
3.7445297
2.6891346
3.118209
6.3910294
4.2099133
4.384448
4.154496
3.4099693
4.1333413
3.9459376
3.9078383
5.4128103
4.0362196
5.509942
5.5079527
5.6740484
5.0204773
5.433567
4.763447
5.666623
5.7459373
4.7917624
4.6528263
7.3329325
8.346231
8.099254
8.037705
8.985057
8.003924
6.99131
7.3686085
9.151953
7.426719
5.201945
7.379479
7.0196247
6.855377
6.9123554
3.4265523
4.393893
5.294094
6.692717
6.8148746
6.240914
7.4512615
3.8423963
5.7256117
1.9654413
9.595607
7.7056713
5.156962
8.787191
8.211613
6.2367263
7.2686396
10.586371
7.149801
8.070502
5.9959536
2.649835
2.7202296
2.8372889
2.7911768
2.5685158
2.6141834
3.4331665
3.3346758
2.3697643
2.8298373
4.183874
9.432742
9.712158
9.5304
10.0085
9.33612
7.554323
6.8174596
6.85786
10.285105
7.026857
6.319461
4.5887794
4.8632226
6.590891
5.5945644
4.470603
8.143726
2.91821
6.058201
5.3184795
5.180756
6.362969
6.3671155
6.0347834
6.0458856
5.2836676
5.107517
5.3045235
3.9410706
3.9424
5.6612577
1.452792
5.4731646
5.6429176
2.9042468
2.6879535
5.547344
9.031147
3.5714393
4.176624
3.0667553
5.931427
4.3699837
8.517291
8.862597
8.40075
8.962735
8.794988
8.528882
1.4535352
5.0521545
6.426699
10.985843
6.9495807
6.7262187
11.17957
3.4357524
3.5083508
3.8681045
6.509679
7.6936364
7.0052233
11.883279
11.827573
10.63373
8.337994
11.561084
2.4681954
4.645001
6.353278
6.4290705
6.8874197
6.138941
6.032058
7.522374
9.487138
8.901662
9.67166
10.501126
3.1901293
8.027535
10.763173
10.959884
4.910631
6.4183755
5.0055676
6.344681
4.5973063
3.5842724
8.810159
7.4555426
9.549108
6.0790954
10.098766
7.934496
11.204425
5.687426
9.082635
9.81809
10.15551
8.496696
8.821376
7.0031137
10.135019
6.518023
9.517541
9.384913
10.153887
6.94173
6.198159
9.709122
8.649226
8.639092
6.106916
7.3645325
11.098437
3.7444935
6.7251997
10.846316
6.169124
10.788802
6.5877647
9.882734
4.882622
4.303816
7.5680933
8.282734
8.790152
7.1936336
8.426938
11.453631
5.2301817
10.817237
10.35769
10.836751
10.914954
7.030293
7.6345997
8.039353
10.147384
10.096195
5.26511
8.415711
10.998298
9.986686
5.0284543
3.7174115
6.085165
6.6717453
4.645001
7.8958473
8.543893
7.947212
9.8959055
9.083427
11.157924
11.019947
5.811226
6.080144
7.1706767
8.920077
8.684824
5.6226516
4.91785
8.236121
9.877248
9.487384
9.771665
10.5742445
4.48909
4.938724
9.665941
9.28123
9.089472
8.667054
4.4588327
8.328754
9.0088825
9.078004
5.1955366
9.180791
9.353122
7.2982016
6.380648
5.915331
5.006255
10.1097555
10.642472
10.23863
8.444583
3.4890862
1.3457913
2.4062152
2.43226
6.1638136
4.7566895
5.0497866
5.81946
5.7818193
5.44164
8.924537
3.0512266
2.7254624
3.2825089
8.783674
2.9230628
3.686513
2.0995588
1.3124309
3.0279307
2.2228715
2.6036224
3.7272315
3.842873
3.0764022
2.9313264
5.6009984
9.341237
2.5928407
3.981523
2.7769852
8.915609
7.358778
7.6236897
7.98483
9.000426
8.492965
10.602538
7.557988
7.958461
7.374271
8.104107
10.603771
6.8386583
7.04671
6.763714
9.154925
2.2744064
2.1406422
2.585019
4.569819
2.2017534
3.5595288
4.4333725
8.621431
9.250096
8.120405
8.867473
9.018258
9.400687
9.177632
9.373154
9.145684
3.773284
4.4815097
3.3029857
3.3602638
2.5180101
2.1607566
2.3307004
2.158056
2.3161159
2.4796557
6.0712867
5.1991396
5.672759
5.022129
3.3572335
1.909424
7.783786
6.439967
3.8947706
8.896575
8.42592
8.822444
6.9341955
4.8566785
4.8909435
4.326167
4.598238
4.242249
4.870733
5.0333147
5.2315955
5.3250647
4.922151
5.2465315
5.085268
5.915699
8.234005
6.3824415
10.2341795
8.048292
5.5315795
9.768672
2.1453662
1.7051743
2.1600842
2.9054618
1.7899125
5.1428747
6.452092
6.1566916
4.620141
4.225174
3.494349
6.607454
2.5130453
4.4782667
5.029834
7.958495
5.885455
4.3287587
4.402768
4.47603
2.7240229
10.650947
11.044631
9.932054
6.3215113
9.042094
8.190343
7.501219
4.8967934
8.518334
6.563511
9.763923
8.676016
8.747397
7.8329086
4.283274
8.986725
6.493911
4.7970953
5.590123
4.619973
0.8139161
1.562549
2.0770645
3.8870568
7.0111856
10.212563
7.780875
6.9513645
3.2402887
4.933831
8.596336
7.552781
7.3981786
9.212049
7.2586503
7.490802
8.75185
9.650224
6.4404907
6.881375
4.7458878
2.391771
3.3714871
7.7427263
8.687182
6.086999
6.6402245
6.0227146
4.53319
4.3183804
2.5397305
3.1887908
6.2321973
8.411832
6.798856
6.702161
5.2030725
8.299134
8.239177
6.755986
6.9857287
7.349283
8.600677
6.7593145
7.416869
4.817381
3.4274879
4.016048
3.3643708
6.346005
9.054493
10.3299885
9.517185
7.999032
10.761954
10.323855
7.933904
7.3858185
4.703252
8.406945
8.3814535
8.099562
9.940182
8.136619
7.174986
6.521265
10.310024
9.727752
10.6772375
11.937993
7.5581083
6.1503067
6.476976
10.105634
9.789321
8.592786
11.62819
2.6928773
4.062873
3.9537678
7.224846
4.581352
6.9801598
6.19219
8.544274
6.398899
4.704487
6.8933434
6.6146936
4.4749894
6.433751
4.0621376
4.467277
3.4996204
6.519332
4.858512
5.444435
3.1558309
4.0378795
5.5385113
5.7349014
3.9059372
3.1739058
5.1495624
2.8011308
2.8025413
4.7763267
2.3573694
3.4970102
3.543181
4.5093923
2.6364026
2.2367063
4.296919
3.9375896
7.2449474
6.8713846
2.2725353
6.3648653
6.4670024
2.9788418
2.9157329
9.284232
8.598657
2.3320513
2.249125
3.5740275
1.9205045
7.1569405
7.3262787
2.3320513
7.1689444
7.2522106
7.0816226
7.020068
5.7169256
4.737671
3.2205982
3.004156
8.627852
3.263154
9.3998785
1.7948784
1.8914397
2.3875728
-4.194343
-4.492653
3.2376328
-0.18780571
0.7217692
0.933765
2.5555148
1.579765
-0.044433713
2.2317595
3.7518063
3.4258537
2.7211452
2.5287194
3.7205033
3.032147
3.9790306
3.295226
0.7275809
2.5806136
4.6651764
3.0231924
1.9745321
5.437936
7.635317
8.064272
5.0173416
7.268279
-3.909833
-3.029666
3.2086687
-1.710493
-0.6792164
-2.4837313
-1.0947572
-1.7553533
2.5722098
-1.5932931
-0.5245099
-2.8680239
-2.4648314
-0.48588562
-4.077031
-1.350916
-1.3308597
1.1901726
0.19589487
-0.26197624
1.5895108
6.6739364
3.9724913
5.1211343
1.2782145
1.2782145
-1.584641
9.34784
9.177149
9.288581
6.308092
3.2410507
7.0040236
4.3824635
4.490466
5.7458324
7.039006
5.1076775
5.104081
3.4553723
6.425596
6.492306
8.911818
9.750936
8.766803
9.128764
7.631104
6.8253937
5.0162992
5.851227
4.963128
9.7239065
6.353518
7.5283484
7.984913
8.747432
8.252586
7.89306
6.1293316
8.737607
8.718535
4.820752
3.7366362
8.528974
5.889557
7.073577
9.3575325
9.322076
5.9207044
5.6499643
7.7956743
8.585057
7.1168184
7.340497
6.339445
5.9374743
8.466512
8.084468
8.12898
7.0905476
7.98595
0.9107458
2.5587049
1.1240283
0.80576336
9.178931
9.108581
4.380175
4.716325
5.6163535
5.6564665
5.203067
8.721695
5.8365116
5.6777973
5.6795387
4.7212687
5.491122
5.0907154
4.634429
4.6509748
9.743381
9.070821
5.67723
7.8797283
7.187883
4.656471
6.3618183
7.841646
7.1441708
7.2623715
6.815258
3.4570646
5.760659
6.167764
7.063547
6.382802
6.3703623
2.058715
2.8717198
3.303298
2.402948
4.09688
4.7739344
2.6230416
2.7307158
2.2719302
2.0277348
2.703848
1.0455241
0.62088406
1.046031
-0.30039412
1.2768912
-0.7032745
10.446473
10.526376
11.167241
11.442309
9.953841
2.5220866
4.959777
4.727586
5.88048
4.370009
5.9026403
4.0090265
3.839025
6.949136
7.3010893
5.754163
6.061681
4.7586684
8.552146
6.8053417
5.866078
10.418176
5.8072066
2.3766956
1.7800192
2.5976596
2.5980296
2.5633168
3.0915928
2.2240593
2.2518692
3.1171622
3.544014
1.3247777
2.632762
9.223401
9.843392
9.525401
7.7110634
8.061101
2.1402855
7.990574
8.144603
8.106564
8.056892
8.435476
10.222242
10.406154
10.348874
3.3378897
4.5785446
5.1276054
3.531735
4.6589417
2.248898
6.3201656
5.920955
2.4252205
2.400652
4.9589615
6.1175904
4.3838587
6.0795107
6.0997143
5.4916945
3.8963838
2.979084
5.0522966
4.8369274
3.7882366
5.0996103
10.90124
5.717307
5.9159436
6.4309444
8.178549
9.677616
4.4695315
5.851633
5.125173
2.5166116
7.216052
9.840945
8.987622
3.437055
2.5173907
10.416694
7.3555717
5.145708
5.5349865
2.9732552
9.05029
9.379275
9.427104
5.6553297
6.104376
4.0949903
4.2093406
3.1146388
7.1460423
8.333644
9.385575
8.945095
8.447331
8.519149
7.7834644
7.6330104
6.5670843
8.481032
7.1162815
5.3808756
5.4550934
5.2973757
5.1703176
5.3483734
-0.4044279
-0.0299415
-0.5457623
4.166073
2.0032482
2.8529449
4.9212017
9.861419
3.912704
3.6906734
5.704911
7.635317
4.7473607
9.324387
3.6270857
7.9254804
7.0542455
10.379937
5.026101
3.6731029
2.9692655
2.6270046
9.160927
5.473341
8.244124
6.516921
7.7834644
7.542357
7.2536335
2.7726984
7.9024935
1.637585
6.642747
6.6025963
2.9248629
8.85975
9.2898655
5.124588
1.4305359
3.7617202
0.02939701
2.111937
1.9541776
1.1652489
4.794299
4.0727596
1.7892253
6.864027
4.8108
8.742671
1.3030859
6.6627703
8.209971
7.97425
7.6820793
9.290277
12.010207
11.884614
12.042771
9.22685
9.771933
9.429206
11.316578
12.243199
6.858097
7.316632
6.9897776
9.401968
11.553407
12.148232
11.357221
11.271731
8.2309
12.165471
12.720653
7.7453322
8.304907
11.777822
8.079524
3.4175377
5.45317
8.699143
7.2844734
10.930393
7.3362136
4.411092
7.2437553
9.479807
6.8565726
3.5635948
10.601941
10.819209
5.8271446
8.41819
7.3413353
7.222619
7.136199
8.08115
11.421775
8.907537
6.0698333
6.834179
9.503997
7.107387
9.706297
5.8149557
13.675817
7.108103
10.70134
6.834179
12.0340395
0.54345095
2.8439994
2.9163632
3.0547729
3.8113937
2.9165921
6.6410675
3.395093
3.4036655
3.216034
10.560347
2.9166555
3.9266877
6.217205
5.274717
2.742087
3.8240767
4.6107836
3.903204
7.917592
7.635317
9.376382
4.057686
2.300837
6.1380787
5.52044
5.786904
6.0889487
5.259208
4.974718
2.4016213
10.506712
8.573413
7.866066
10.792754
10.961272
11.127587
11.124072
2.8639808
10.420159
10.464631
10.732943
10.386198
3.5009341
10.160336
4.74249
10.680762
9.638756
8.943743
9.127168
6.996809
8.025923
11.083497
10.534835
11.166314
11.025999
4.4510064
4.623452
4.8028345
2.894106
3.5359807
4.220543
3.376068
3.5669656
3.1466107
3.320922
3.5494833
10.132161
9.905875
10.315931
9.849506
10.877632
10.542935
10.502017
10.381249
9.910005
10.073482
10.392713
10.792754
10.150605
10.613994
10.384615
10.976108
10.504647
11.080754
10.632743
11.076012
10.61787
11.07209
11.028365
10.961812
11.031612
7.5983825
6.724041
9.902296
8.613496
9.338294
8.704266
9.670153
8.561535
9.232011
8.961521
8.732805
8.316168
8.296757
10.297803
11.650497
9.487931
9.242004
9.975811
8.080252
2.609508
0.53661835
0.16241366
4.771915
1.7313241
1.2445086
2.5100913
3.3485985
3.4127517
3.1693883
6.6047835
7.052042
8.695417
8.4376745
9.266229
8.86744
6.7081914
7.1176033
8.109007
3.693296
5.7661657
4.641136
3.9851913
5.5556192
6.001529
4.729401
3.9229722
4.3806133
2.4716763
3.437307
3.8015962
9.179053
8.778182
8.189156
9.744651
9.008174
8.979203
7.5793743
8.350437
7.8552794
8.95578
10.313521
7.030612
8.799514
8.671046
8.400318
10.922021
11.049964
11.105025
10.572417
10.930743
11.189337
10.703141
11.207344
10.551836
10.52024
11.024639
10.814479
10.683697
10.737738
7.87992
11.175273
11.173357
11.072302
11.006647
11.113848
10.602553
5.194499
6.6637883
6.453338
4.082572
6.7758365
7.3178396
5.4457498
8.2915535
8.592505
7.438596
7.0150537
7.1526623
10.279866
10.266491
10.803533
10.200431
10.987966
10.643804
11.131598
11.17398
11.1347
11.204876
10.552978
11.129968
10.985724
11.00031
11.233931
8.381945
3.846426
4.355897
11.0033655
9.740402
7.018446
8.284015
9.025654
8.754057
9.153738
10.2529745
9.418963
6.339768
5.3763103
2.6818833
9.173724
6.0507054
4.3087044
4.284683
2.9151654
9.660186
10.551669
10.0143175
8.344148
10.51269
10.77353
9.829473
10.111814
11.05663
11.21103
8.735232
9.69324
10.939616
6.907681
6.8969364
8.892333
10.798476
7.5196996
10.932462
10.753949
10.792704
10.350322
7.3347554
7.6346064
7.34466
7.301784
7.5918913
1.6508946
0.4554881
7.4010363
7.8732195
2.784233
6.901948
5.1088095
4.92561
3.0566626
7.4407067
7.6404448
7.1613426
7.1557975
7.3201447
7.4493685
4.925538
3.2139626
3.6893744
4.6998925
4.963006
1.6075125
8.373053
4.318339
4.7789764
5.283558
1.9931458
9.67738
9.315906
9.3194895
8.254175
10.055976
9.609692
9.57142
10.420159
9.706502
10.193031
11.129825
9.559798
8.85192
4.2763577
6.941102
9.866029
7.7538214
10.370131
5.4251103
10.042618
10.376672
9.844792
2.4452076
5.351952
5.351952
2.64962
4.0025067
3.412303
2.730791
5.1831236
3.1836896
1.367347
4.8069277
5.422971
7.785803
8.902749
5.734319
4.1711607
4.271058
4.4834933
5.6932898
2.498404
13.069477
11.987233
11.176499
11.900325
12.06343
12.295028
12.069338
12.714086
12.049834
9.354699
8.563434
10.257432
11.946515
11.600023
2.84304
5.2798715
6.416046
4.5247045
5.002529
5.3854904
4.518634
3.187603
10.06084
9.963483
8.949271
6.760641
4.649163
9.902129
6.22839
6.5509787
5.3184395
7.222619
6.5578976
1.1963892
3.91687
2.9861593
8.148189
11.825826
10.069934
4.634631
6.788395
7.437742
5.5126176
1.415657
6.909386
5.3551283
4.746173
7.49257
1.231941
0.78098583
0.14477456
1.952037
3.8879824
3.9019885
4.6649027
6.730051
0.7376898
1.0946493
3.4817786
1.8069015
0.8079499
4.830824
5.1004915
2.6369605
2.0041099
7.781515
8.317525
6.9061203
9.090883
9.705863
6.4815454
2.8481107
1.2734845
1.6712049
-0.05195728
1.9883691
3.829681
-0.2924773
2.3446336
1.7463934
7.0870504
7.024431
6.0197887
6.7446976
9.999034
6.180428
7.1450186
5.772171
0.55501616
7.3422136
10.245461
11.18862
10.823776
10.460472
10.410518
9.043162
10.424524
4.896104
6.416564
5.457631
5.4883614
4.116502
3.110846
2.2588894
-0.10708588
9.34468
10.723861
9.804051
7.8894553
9.133336
10.002334
2.8375416
2.9320302
3.3786392
2.4630551
3.9300675
3.5361538
3.0659342
3.0318718
3.5400033
2.2127452
2.3315797
2.5606813
2.427742
2.5610723
9.422873
9.989404
2.578135
4.4580135
2.5324812
3.9675932
4.5043125
6.5186768
6.612393
6.074403
4.828945
3.729907
5.3564205
6.9403877
6.8048873
8.853046
5.3874063
6.020755
1.688341
0.78474325
0.8530903
0.993574
3.7276945
4.9260387
7.143777
6.214176
6.18183
9.343686
3.926869
3.914269
3.977601
5.792728
3.9414468
6.4430237
7.14172
6.493626
2.7081008
1.6271788
1.4500889
1.5553207
3.0806675
3.9849696
6.1941833
12.013456
12.252956
3.1852493
7.764308
4.435526
4.456814
3.676301
10.05158
3.7145352
1.1213517
2.831009
5.948616
6.129196
4.6092043
5.2473044
4.840597
2.0399034
3.9212036
2.6733284
4.188444
4.722517
5.648077
6.434483
6.270378
5.9603596
-1.1551472
4.305999
0.53750455
2.1587558
2.3247502
2.4680133
7.2017026
6.723881
2.090307
4.0081444
2.0785685
6.6016197
7.2328725
6.3639083
7.9407005
2.0903206
4.3106985
1.0468167
3.474155
1.2765936
3.4811482
10.53501
6.5807266
11.079947
7.7695265
9.311532
8.133006
9.223254
7.208167
4.546507
6.414693
8.019114
5.9741735
6.4821024
6.1932735
7.301632
7.3712754
8.206766
9.21708
9.083264
6.973786
8.168163
8.604583
8.396783
7.6352673
5.7236443
9.044725
8.5236845
6.7119436
10.307611
6.264934
3.9595485
4.8442883
4.917716
8.470826
8.789267
7.7245913
9.939922
2.9334502
3.6757097
6.919137
3.6308074
3.6156187
3.7175488
4.9928894
5.807385
4.844751
13.714509
13.818545
0.04426396
12.4200945
3.2998514
2.3042457
10.369309
10.429419
10.737752
10.017167
9.640948
10.811206
11.6087675
10.562291
9.964005
1.0794758
5.4468536
9.90895
1.0350162
5.5663047
4.777854
11.853038
11.946734
11.181705
11.726962
10.396744
9.703708
10.492689
10.134267
9.856399
4.90436
5.026559
3.8558187
11.541845
10.405063
8.293888
3.8574796
6.6553173
9.654435
9.258231
10.173289
8.078072
10.19005
9.72965
5.7504478
4.659176
1.7712739
1.9392737
2.087154
2.7462249
0.24668486
7.005892
4.9724894
4.54951
1.7781601
0.42166686
6.0964537
-0.28393722
4.431199
7.7931714
2.8602414
2.3502603
2.3256936
5.1547117
9.443639
0.24668488
8.303144
8.270169
8.535702
4.269239
5.2142487
4.463853
8.736591
11.572421
8.671901
4.899309
7.65751
6.0636196
3.5046034
3.7212358
9.344411
0.26444116
7.553379
3.3197875
5.466153
8.035181
3.7380676
6.68517
7.1815934
5.0827074
9.524211
9.096328
6.8284893
4.2563357
4.2563357
5.813896
10.928763
9.400914
8.561168
7.3364363
7.0376716
9.265435
10.309427
8.486717
10.125143
7.870885
8.658325
8.264454
8.996242
6.024328
7.7592597
8.510894
8.92292
8.72697
8.877165
8.424256
1.661157
6.655988
2.8265476
3.845768
0.10540646
5.9095273
3.1541514
1.064503
1.8855776
2.188713
1.2709382
-1.084917
1.1366663
0.432415
-0.7550031
1.506043
1.2115903
1.0949557
0.93134266
-0.3025235
2.417758
2.522087
2.1324906
-0.75517833
-0.28289676
3.3523989
4.241139
6.308675
6.4440985
5.2650275
5.733889
10.561689
5.1017685
7.3470535
6.334775
6.0075483
6.737611
9.534757
9.833276
9.614545
5.5595694
4.542664
4.8275056
4.313097
6.105007
6.1165776
5.6878047
5.6461267
8.376906
5.970983
4.57004
3.5211167
8.891313
4.676379
6.617713
6.3710785
5.60143
5.498338
5.3407264
9.475199
1.7916672
3.722598
3.5123081
10.749042
10.219523
9.550388
9.834916
10.002334
10.112236
11.1289015
10.068213
9.796918
4.298337
3.117178
5.3936424
10.296481
9.072165
6.5863905
9.720085
7.2768955
6.703034
8.983231
6.5756416
7.079231
8.2095
10.990478
4.6681976
6.33354
6.091677
11.443895
6.5359077
7.6695814
6.9182405
2.7099442
2.2189336
2.2980556
2.4103966
7.5081816
11.589538
4.5650315
3.730979
3.6728768
5.4968495
5.272826
9.0969515
8.436304
6.5778008
6.3676333
6.3261976
2.3048306
3.149179
7.802451
7.568879
5.940482
5.718849
4.0997286
8.919343
6.4350576
8.2907715
7.601506
8.050893
8.123141
7.0466623
7.0063577
5.7162285
7.6572576
7.759794
4.8828845
8.186381
7.2830157
9.16937
8.167678
2.51222
4.57938
6.47321
7.196376
4.330794
6.229501
2.6336699
5.6958055
7.3463955
3.0693955
2.9663363
3.6794896
3.645793
4.726248
5.042946
8.222033
2.7734609
4.4987764
2.337366
6.3993683
3.4354873
4.8288536
7.1713552
7.107667
6.7653017
8.678542
8.821303
5.763091
8.244294
6.194185
9.140857
8.609055
11.393816
9.737039
10.1193075
11.6498785
9.367728
5.3769665
7.3860245
10.632337
11.74677
12.041685
8.887964
4.581895
3.0987186
7.50499
10.293313
2.0991468
2.46668
3.4051151
1.9024171
10.74923
10.937471
10.8502245
10.937646
2.1245239
2.2762275
1.9225148
2.6771426
0.9536741
3.2239084
2.5726514
2.4980164
2.757876
0.91208905
3.586554
3.3358054
5.257362
5.1382
5.3312354
5.304805
2.2026138
3.1536193
3.4400306
5.8766747
2.066966
1.8725673
2.1555524
7.9244013
7.9700084
9.605575
8.353679
8.800789
9.59974
8.850992
8.160804
6.109644
9.398374
5.506343
4.177626
4.177372
2.421867
2.6033697
1.5560635
1.5467423
0.41056085
3.3921123
2.247024
9.684705
8.872056
9.7913065
4.2695665
5.040724
7.242855
6.288808
4.838442
4.1176734
6.68044
1.8837489
5.081901
3.7559104
3.0493627
3.0066748
2.5012646
3.9719086
1.9510285
1.9510285
4.727202
5.1347218
4.4503717
6.7707295
3.9152098
9.801246
9.355849
5.425807
5.2460256
6.250541
2.7841954
-1.0328373
3.0503974
1.6607125
5.425807
5.625349
5.2460256
3.8411226
5.7308226
3.2652044
3.9434538
3.0218587
2.214521
1.6196673
1.2795517
4.1648026
5.650717
4.06844
8.193712
8.043421
4.909602
6.9364457
3.7224913
4.2148104
3.1447005
2.7028837
5.7253027
3.5001068
3.6579256
4.7817116
3.049633
3.7224913
2.8063688
1.2009511
1.2009511
2.344805
3.398837
3.577392
6.0649166
0.71504736
6.7540855
5.3739843
1.5850886
9.688362
0.63830054
3.8242178
-0.013306946
3.31383
1.6718916
4.553274
8.380272
2.253728
2.056388
1.8245156
2.2777925
5.523636
6.750208
5.31329
5.41917
5.5220385
5.195163
5.1256475
5.6853514
3.1334395
2.531394
2.5684423
4.9820256
5.8853307
5.8893695
1.7560221
1.6717103
3.808228
0.9512092
3.8593798
3.5072122
1.1644208
7.32022
7.802419
2.6607118
5.4970045
4.007777
2.5153403
3.6152883
3.2465396
3.5089917
3.1595407
1.825261
4.5446305
2.9731698
3.761899
5.7496204
10.902898
10.407802
10.4253235
10.811302
9.564578
9.09105
8.90112
10.813283
11.129237
10.796334
1.2021315
2.7513099
7.648302
3.6296854
3.5237675
3.276401
2.7870426
2.901085
3.623629
3.1658874
3.3508477
3.0976734
5.986878
3.4709144
3.0585022
3.2267075
3.4634724
2.8967834
3.6379485
2.7187028
4.501113
2.5218482
4.482235
2.6889176
2.7667785
5.521307
6.0836067
10.046887
10.092849
5.8069525
6.076602
2.3632736
3.0475292
4.292469
3.2132144
4.886385
4.9771814
6.533916
9.854032
7.1176667
3.3357115
4.1831956
4.0695014
4.8256536
6.139718
0.72933936
1.0733025
3.8613868
1.8412474
5.5973616
5.6439695
5.521797
7.002571
5.5138354
6.742589
5.4607906
5.907221
7.190612
4.7037067
5.881525
5.570726
7.6439466
6.729864
8.70195
2.930667
4.89274
6.269554
3.8865633
1.4483647
3.2346268
2.7308302
9.314907
2.7371378
10.132798
6.0631304
10.49373
9.944708
6.197462
6.571576
9.579972
8.780704
12.371157
10.101464
9.388861
0.8741056
2.5090919
2.6749592
0.8472842
0.51453114
1.7014005
0.75419664
6.923915
6.596473
9.708586
10.482339
8.364899
7.1393375
5.8623886
4.8442793
5.282015
4.096401
4.283531
5.567299
5.5775385
4.6869926
2.2785268
6.315324
4.319913
6.35328
2.2785268
2.7578502
6.35328
4.397615
4.7816734
6.001884
4.067769
2.2785268
6.001884
3.6423235
6.123129
10.112126
9.421913
9.658403
3.218453
7.134051
10.035208
6.3173313
2.0552197
4.317204
4.721276
5.2892575
4.9860015
2.8472786
4.2492795
4.3120933
5.8791704
0.93050086
7.4536295
8.824305
12.628422
11.099715
0.42943627
0.9875639
3.5222058
2.3067646
0.28509855
-1.2109418
0.23269825
1.7429127
0.87118256
-0.12014198
3.765531
2.607957
5.954901
4.932641
5.4766135
8.149755
9.439205
9.885472
8.130156
2.1698313
7.167101
7.7394686
6.756042
6.425001
6.4795523
6.3130274
7.323739
10.28312
10.256194
3.0288348
-0.0016316175
1.8976811
3.3290734
0.25108093
0.4347951
1.2967024
1.2562435
1.1989092
0.8070949
0.37992838
0.7960223
1.0736765
0.9922012
0.9748008
0.9536441
6.1359553
8.531648
2.0389562
3.257101
3.1057787
3.0624294
2.8347297
2.8346715
2.8191981
2.6999397
1.8550631
2.4971895
7.43211
7.3497233
7.7696266
7.674485
7.3071012
4.2196436
7.040368
4.914487
4.1442537
6.822168
5.258633
3.137496
4.9579053
3.0083733
8.205634
8.846525
9.693901
4.3828063
4.474839
4.0866156
3.4230967
6.411978
1.4568671
3.6970272
3.5143232
2.9698963
-0.35414076
0.8062074
0.5521762
-0.71096885
-1.1936158
6.268325
4.8724413
5.803672
6.038574
4.150085
5.8428288
5.3323855
7.148035
7.076944
6.44541
6.4171324
3.274623
6.0093555
7.038115
7.1016912
6.645266
5.647465
6.866228
6.37188
5.608115
6.7716265
6.631031
4.775832
7.8563213
9.447728
5.614557
7.1574817
3.7874222
5.2344313
7.0523987
4.460063
10.017585
4.940632
10.05244
9.615805
3.8267035
5.347687
5.97591
9.801497
9.885435
9.294761
10.785434
10.361455
9.218792
10.626378
10.134898
9.685958
6.2137485
-0.3979236
-0.9925766
2.468267
3.8096275
1.232398
3.0085053
-1.3063481
1.6242257
6.794029
5.071825
5.3157277
4.135053
4.4445066
6.2701635
5.4337606
5.5525274
6.053335
5.1630297
3.9766598
-1.3063481
-0.31782174
1.2922802
2.7866015
2.7491403
3.267118
3.801075
1.8034931
2.728345
6.695692
11.387189
11.234241
11.175007
9.391381
4.6819077
6.7985506
6.4134045
5.9221983
5.0328546
0.19680089
6.984661
7.29463
5.0992465
5.032736
5.680743
5.4244337
5.1357727
7.343301
8.277011
7.6421194
6.3812656
5.9199486
4.8437495
6.230217
-0.3783487
8.293578
8.694917
-0.41829056
8.396897
4.769249
6.063348
5.697092
5.3698187
4.737671
2.1443958
3.3475156
3.3438168
5.9643607
4.6886454
3.3863602
5.245015
6.5830936
3.9529696
10.718363
4.220823
7.2512274
4.201711
10.646199
2.4106007
2.4336953
1.3798016
1.3121433
7.02839
2.4284039
2.4995117
3.1135573
1.341213
1.1896597
2.6801605
1.2141259
8.167887
6.1571217
7.5293026
4.189893
4.2924857
6.607461
6.76602
4.734047
2.5965495
2.8059607
3.4428787
1.9477123
2.4124012
3.2820659
0.24159941
0.7788897
6.1771812
3.8743744
5.570736
3.2182503
5.10236
2.497871
2.1830406
2.3209858
8.709929
4.844261
2.6560435
0.36024576
3.3642383
5.8723035
6.8356795
3.4050045
4.7302103
3.6950765
6.6011934
5.5604467
2.5925093
3.8225937
5.2478027
2.6278782
8.665153
1.2877495
-0.42898512
-0.13261122
0.693212
-0.5064154
-0.6682315
8.0366745
7.385027
7.8520465
8.028218
6.0607476
7.9851456
2.5562077
7.951475
4.647831
6.162524
3.9399524
5.0054216
4.93423
3.217081
5.071325
6.1581674
5.5363626
9.623454
7.719054
2.8403082
1.3366448
-0.23680544
0.143377
7.638052
-0.8958689
1.0535891
-0.9814817
1.6981807
6.6953506
4.217127
6.392799
4.9323134
4.5496726
-5.165788
0.23537219
6.674844
3.9897346
7.5946817
8.95206
4.2698817
7.3256435
4.2346306
2.735651
4.296672
6.410308
0.54150367
2.260057
1.4289396
5.0924177
3.3385339
3.8363032
4.457
2.0691824
3.8007216
5.9381323
5.9167356
1.3802992
3.0838728
1.198603
-0.13965648
7.957762
7.8848715
8.630319
2.6784835
9.112845
9.126874
5.164919
8.069322
3.6222754
2.87669
3.885735
3.032937
2.1112099
2.720622
5.9343367
8.565194
7.532634
8.05018
7.324543
8.289886
7.479968
7.4275036
7.3421955
8.856297
7.5437984
8.804472
8.594716
8.61304
7.644215
7.918455
7.417069
7.7675934
-0.52330554
-2.1585045
-0.6791382
-0.65224373
-0.39334774
-0.52330554
9.405741
12.267842
9.216841
8.647952
9.98599
4.9702983
6.833151
7.188196
6.833207
5.2902894
6.335763
2.179604
4.6752977
3.467916
4.0891995
3.3863645
7.548302
3.3297482
1.3684227
2.040114
2.0119781
1.970389
8.653859
9.118224
8.285328
7.81835
8.48239
8.483773
9.111117
6.6713037
9.193135
7.0181913
10.8249655
9.516358
9.11327
8.831495
8.311558
6.4231644
7.813979
6.6910796
6.6713037
7.2325487
11.177283
9.894763
9.430989
7.9504433
7.6367655
2.2865639
5.303428
7.871479
7.57094
6.6063786
7.226563
6.456853
5.892353
5.958967
2.2865639
7.4344025
-0.7803155
0.5953436
5.90652
3.2514167
4.506384
1.9026358
2.3270283
0.5953436
1.611029
3.047512
2.9883227
3.5087137
3.6154356
3.1606193
3.8285651
4.6618805
4.1896434
4.520186
2.365408
1.5479082
6.447238
5.1300535
5.7593727
5.2452955
2.8400931
7.6930923
8.137497
8.075297
8.921144
2.5925093
3.29853
4.836053
5.47666
5.3468676
4.648538
5.304842
6.8120785
0.5517842
1.6193753
1.0415379
1.0415379
2.8729353
4.378575
8.70374
7.2579155
6.000571
9.87353
9.196379
9.337888
8.864863
10.017585
7.5712028
7.6586485
6.952201
6.5944033
8.852432
8.335301
7.6586485
3.409369
2.113011
1.2721436
1.9841565
4.4644566
1.6282176
4.924283
6.343204
6.286782
7.2139444
4.4069934
4.995178
5.063051
4.3863554
2.79883
1.5419642
2.7243795
4.8589935
5.7865868
5.3201213
5.329256
5.1869497
5.558305
3.1181808
2.8321877
3.9966483
3.8485417
2.500906
1.6581475
2.392368
2.6064072
2.7356143
2.6911798
2.17734
2.737873
3.3272605
2.3577614
1.5696527
1.628625
2.521896
4.620904
6.119278
4.8276587
9.467971
9.822197
5.1126037
8.938936
4.1796336
6.5607986
8.6447735
7.988542
6.239728
6.291407
7.295071
7.2003717
6.8503056
3.6566157
6.3944693
3.8714776
4.5560737
3.6433516
3.5694675
2.2571025
4.1801457
7.1318054
7.5123043
2.0019064
2.846786
2.8849478
3.478355
2.5358996
3.7085743
1.8221654
3.1722326
3.1617088
3.6769457
3.1232762
3.5843658
4.048118
6.8877535
5.295248
4.5404067
7.5414047
7.185412
6.475669
12.247861
11.889073
4.4341965
4.9707804
4.998272
5.2070436
4.2599134
5.1874104
4.4146523
4.3026037
4.6293883
4.4594193
3.631435
4.1997013
5.4577885
9.252297
9.735908
8.875311
5.7499485
6.6995497
10.207664
6.922949
7.129818
5.608635
7.5981407
6.8432612
8.33478
6.0982037
6.7479687
8.933404
12.926343
8.192512
8.026613
8.3008
6.235014
7.897479
8.005441
6.197488
6.9618044
4.424068
3.5402923
1.5661169
5.7381916
2.3911257
2.8624191
4.5597076
5.7100463
3.7572007
6.565987
10.388255
8.340109
13.127138
11.781053
9.494254
9.779246
9.871528
5.605677
8.64114
8.622573
8.587646
7.894922
9.84426
8.036628
7.607598
7.9369698
5.8026147
6.629116
5.0120773
4.6751833
5.461531
5.8076077
6.295785
4.934588
-0.41023594
5.830098
1.3515437
2.0796595
2.127294
5.8225155
5.401722
1.0685432
1.7820393
3.409369
2.1431794
1.1062965
1.5755727
1.7457155
0.27043733
8.579773
8.479849
7.326516
7.863089
8.092384
4.803821
5.913776
4.6802635
2.4615078
1.1565174
1.3591701
3.0714664
3.1531544
3.8177133
2.5759912
7.011382
3.6284862
3.9989738
6.2541285
6.4230165
7.324103
5.850341
5.9833183
10.5573635
7.473466
7.1624856
9.020452
11.123488
8.248153
7.1118345
8.029466
6.676649
9.684841
8.249697
8.8271055
8.948953
8.680257
9.141797
9.355857
8.604976
8.720623
7.2886186
7.5974765
8.40592
1.7513334
2.6777382
2.3000484
6.4048533
0.9124386
4.2412376
6.41203
9.826516
8.790218
9.614385
10.050265
6.736125
6.544184
6.422428
5.216527
2.7731876
5.130519
3.73285
3.5487328
3.8124452
4.2796865
2.97059
3.7891798
7.071986
3.7857766
3.4639688
2.6402283
2.9140806
1.8322748
2.4085011
2.1968055
9.425418
9.723823
10.539988
10.055832
9.480161
3.751082
4.9577036
9.540291
4.5143747
6.6966023
5.4405756
6.9069285
7.960267
12.886991
9.570367
9.082497
8.678237
7.0441504
8.832766
8.576464
7.0196104
8.184844
7.1427765
8.273366
6.909125
2.184281
0.9990207
1.9930922
2.3804603
2.630836
3.5772872
1.9669882
1.4501337
2.3028169
2.6928024
7.343547
8.356676
7.4434986
8.048306
7.2953496
9.111391
6.680073
7.239389
6.216466
3.0751414
8.136804
9.853398
6.7414327
10.345389
9.602908
10.350052
6.034014
6.85955
8.863904
8.583602
10.441625
9.264707
8.343383
7.401366
9.34429
10.516466
10.081887
11.162765
10.275535
9.308761
9.912801
12.088296
11.634308
11.055367
11.15747
9.417485
10.972275
9.765359
10.666421
7.2610235
10.447631
7.9232416
8.639677
9.15223
9.1510515
6.6805353
10.990967
9.385198
9.889173
2.4822645
2.8306403
1.7150638
0.74851704
6.049881
7.081648
2.30484
5.323644
2.4553323
6.568224
7.916661
2.374955
10.060269
10.108122
9.520078
9.988704
10.081706
9.834196
7.4854727
6.4133472
7.352907
8.636008
9.558936
10.087963
10.240819
9.809292
7.677915
7.788567
8.257618
7.984862
3.0225716
8.305756
8.743724
10.046104
9.158127
9.528985
6.2532263
6.1146574
5.789527
5.2972608
5.9170766
7.157851
9.0672655
7.3568068
5.908145
6.6917524
5.28979
5.586305
9.583349
6.541682
3.959754
7.618511
8.341479
9.272473
9.05211
7.666104
7.920257
7.584107
9.087533
4.7827454
6.164543
6.6836834
3.7128797
3.5243669
3.9268708
4.0304117
9.507197
7.32163
4.648426
10.30185
10.045126
8.192799
8.909898
10.172783
8.411691
8.34166
8.3021
10.707522
7.667708
8.290558
7.5485916
7.2271295
6.6451464
7.2965937
12.74105
12.368509
10.934344
12.7247505
12.58241
12.923923
8.302642
13.089719
9.406913
6.733028
6.814002
8.664583
8.338887
9.066272
5.6941023
9.160232
6.0338507
8.980428
8.904135
7.9262877
9.730379
8.84121
6.497509
9.482437
3.0089016
5.1149735
2.7963495
1.7802536
1.9571601
8.5199175
4.6150355
2.3676953
1.4269696
1.3631766
8.484736
8.43836
7.703593
8.30983
8.349478
6.545282
8.842931
8.806016
8.467429
8.344079
3.0871406
3.2263613
2.8283134
3.6430697
4.921643
8.446839
3.2810307
8.418846
8.279174
6.2281027
6.1423683
8.000348
2.7691364
2.643836
7.835574
3.915257
4.5479116
4.9856815
2.1702123
4.9397078
1.3430861
9.075781
8.509651
7.739977
4.1407685
9.075781
9.203382
4.366944
6.7207146
3.6286464
2.6111073
3.485135
4.147659
3.3372488
2.2983675
2.9667902
2.4344888
6.386814
7.2354355
6.607151
6.1851206
5.4949946
3.3424149
3.5635066
3.7796578
3.140584
1.9124627
1.8567635
1.3366423
1.5164138
4.990526
5.53498
4.9614935
5.0248594
5.0058966
4.9295745
3.2724957
5.6365585
4.073232
4.8930135
6.2936907
7.0159807
3.6726751
4.3887544
4.536222
4.705343
5.161762
2.803658
7.9085345
4.341863
5.69849
5.278492
4.8555145
4.590578
4.2525187
2.2678971
2.2814531
2.3270168
2.022528
3.8000126
4.494979
4.585195
3.9285355
4.007937
5.3207245
3.2933388
3.9636602
8.717526
7.87471
8.1535635
7.9706306
10.224336
10.14445
10.6257925
10.11224
10.4428625
8.578393
9.37341
9.374846
9.419135
9.283376
6.074399
8.321044
9.103394
5.2725925
5.2725925
9.365136
8.786796
7.656883
4.7686176
8.02159
5.08506
3.6582341
3.384194
4.7564187
4.544641
10.538418
10.283843
7.914019
9.6788225
4.319918
5.8321877
6.129137
-0.3800453
4.997997
2.9673176
9.135824
8.877988
4.9427414
6.7388964
4.34148
7.3440566
5.313947
8.337189
8.070341
8.509438
7.835153
8.506621
5.7635307
6.8153167
3.5637884
1.5005605
6.8149114
4.643034
2.8868427
6.0782547
2.332592
4.8396416
7.0071583
9.222166
3.542337
6.794427
5.278452
4.025473
7.1688232
5.8458
6.684531
4.5367727
3.2234201
3.409927
4.6239624
1.4361553
5.3527346
6.2222633
3.684538
11.103091
9.8916025
3.6996737
6.6791315
7.7916327
10.984412
11.63631
10.259103
5.773109
4.5719795
4.0065713
1.3081791
2.3749673
1.8021156
1.7063171
1.5716734
7.3390694
0.9734248
6.4248295
9.128169
9.182408
2.8608518
5.2332306
4.30907
2.5956182
3.7103462
3.9084277
4.615385
5.958193
2.9044113
2.9411263
3.754458
3.7707176
2.3838415
1.4296103
4.747898
5.4400597
1.9078313
1.8989341
4.099141
5.8874
7.1337204
3.4186697
4.0634217
4.305991
4.8401475
6.5133944
4.0283904
3.1525936
1.5781207
1.5458359
3.1793103
1.4997157
4.5406566
3.6882367
4.6233234
6.029868
7.1596956
7.4086356
7.5814214
8.77893
7.5486913
1.2548227
2.043117
2.0681176
6.0359735
7.8436594
7.5821695
8.355799
4.2771196
3.444242
4.1584973
7.9651585
9.078074
9.111343
4.567667
7.8915887
4.8178697
6.4832425
7.646881
6.14806
4.3365493
7.984171
7.485094
7.273955
3.6797643
5.0366564
5.8111067
8.370253
6.422641
5.867702
6.4902067
6.706153
6.6430297
7.1672554
6.624423
5.691498
7.8654056
6.2114363
7.1847696
7.5130873
6.4779606
1.9554296
5.294426
8.288679
5.8446774
8.84025
7.8135996
2.8382282
3.239286
3.338337
2.548407
3.223606
2.9578867
4.0906634
8.238573
10.258851
9.740961
10.176006
7.7691545
7.6670456
8.979291
10.281829
10.425428
8.029437
7.429243
9.521607
11.213763
3.1525202
2.4268613
2.335463
2.40592
2.2442493
3.3182464
2.3293982
8.991237
8.350797
3.0745506
7.3235235
10.391237
3.933735
3.8085728
3.8258696
4.2615137
4.1020617
4.8120794
7.6806116
6.344143
7.39479
6.052248
5.1801224
2.7386336
5.560809
7.4829845
5.9236865
9.7295885
7.395374
8.662735
6.927404
7.1267357
4.629261
6.9824204
5.833242
5.0311117
4.2938185
2.8559952
3.2853189
4.5686755
2.4239788
2.72325
2.7016373
2.1808977
1.8779323
5.5313444
4.553158
4.1987734
6.4400387
9.882671
9.206841
9.647256
7.2816305
6.2164755
4.920649
5.0226254
5.4699535
4.332043
8.359961
9.218301
6.4923368
8.456086
8.90123
9.77135
9.940171
9.187068
9.873704
9.880202
9.694493
9.072595
3.166586
2.8253665
4.233399
5.468885
-0.008903563
-0.5875746
-0.6790384
-0.21484041
-0.5716154
-1.3988417
0.77087736
2.8023334
7.1466913
6.86238
6.970981
6.985608
5.6035542
7.788651
8.20715
7.7899942
9.085863
6.165322
8.810655
5.5253925
7.625655
6.70717
6.383233
9.186452
7.7870474
9.146897
9.273982
7.25511
8.099883
9.468814
6.273033
4.12093
6.83483
6.707699
6.8920765
7.2077723
7.2711
8.535228
2.4944353
3.3173146
6.4278383
5.698944
4.083702
5.5713377
7.7741613
7.222619
7.3496532
6.1546297
6.73272
6.1650486
6.4175816
8.733226
5.7472982
5.8415375
6.6171045
11.037723
7.536765
4.1217027
5.2758403
7.237232
3.164496
3.7880516
3.3683023
3.7602615
2.1394472
3.3281555
4.3710394
8.682464
8.723023
7.7255554
8.45726
8.643793
3.0070138
9.325219
2.8183818
2.8576941
2.2334976
1.3853353
2.1411483
0.71694314
4.1721416
4.628724
6.2651963
4.9652743
1.7085499
0.51633626
5.5317135
7.228407
6.6833034
0.6901665
0.7720318
4.901128
2.6623335
3.3176322
4.417942
4.6339636
5.5342007
5.9049997
5.547652
6.325038
6.0367227
6.2403674
7.5915575
10.143384
10.753735
14.322721
7.7805433
6.513506
10.114979
9.58187
11.193189
4.3534107
4.576003
5.1813464
6.5550346
5.9816833
5.911461
3.7967029
2.177414
0.71456516
4.548872
7.0683107
2.7154274
5.404378
6.3733664
3.67337
3.4818988
5.4949427
3.356779
4.584944
2.3381171
5.382089
1.2785136
9.706258
8.283826
8.529737
8.619212
6.683256
2.058504
5.709303
4.4022856
3.6745253
2.531918
2.6024346
8.773557
8.57184
9.390279
9.427377
8.646664
8.346636
9.349486
5.6616154
6.456927
6.387509
6.205481
6.000722
8.847409
13.491219
12.321418
9.729837
10.595663
12.911224
12.977349
11.251166
10.785897
3.4848313
8.98105
8.127288
8.45354
7.592763
9.796237
9.296484
9.211968
10.117682
5.172529
8.5411825
5.9369316
4.793375
8.977865
8.666113
1.0239407
1.1258779
1.1128964
9.58261
8.860185
8.555794
8.950122
6.764516
5.142219
5.866662
5.4053226
5.1405277
9.596803
9.869546
9.839535
7.2927113
7.4232283
10.309273
7.10585
6.433066
6.8146563
7.2067366
7.0605726
9.236821
9.396199
4.719617
3.88343
7.921575
3.5283227
-0.94713974
5.5529184
3.3939662
6.7504144
3.1131043
1.7091061
1.4309386
2.4420633
1.3158449
6.2827744
6.8377953
5.662203
7.802756
7.864396
8.555598
0.4413917
4.5303907
8.16606
0.5611514
7.179657
3.60785
2.8837771
8.368691
4.769703
2.2324
2.7218666
3.0125809
2.7097025
4.9665155
3.265809
3.4362473
8.464851
8.498602
8.458232
8.246276
8.398592
8.570534
8.496369
6.340931
8.53428
8.537831
5.888519
1.7340686
3.2665448
4.595649
3.7320156
5.294545
2.5855832
8.523006
8.262858
8.530311
8.459409
9.094708
2.5405393
4.012721
2.7384777
7.0571017
6.385012
5.292442
4.206551
1.7520984
4.023087
3.820971
4.206551
4.206551
7.657495
3.703289
6.834179
3.6658254
5.0838423
4.7992535
3.1049519
2.842084
6.5471907
3.9239197
3.9239197
2.6818619
2.0284877
2.4386692
2.1162262
3.6370764
2.952077
6.6691484
6.845063
4.9188786
3.5322108
4.3811603
3.7930937
3.7480998
2.8691597
7.2793894
6.365578
10.004117
9.915749
7.5723867
9.53659
9.542478
7.006974
8.838714
9.078361
9.741812
9.880875
9.342007
5.7205305
8.179097
6.456196
8.727945
7.324852
7.2905197
7.047683
9.099955
8.037322
8.530677
10.112248
7.8753204
6.534195
6.747818
6.580555
5.4271874
4.801181
4.9769983
5.957749
1.8106056
1.8641763
1.7338362
2.2939267
1.7490617
1.8679479
2.0133233
1.706108
1.7334644
4.781461
3.7263756
3.1388855
6.9844666
5.877109
2.7933269
6.7607303
2.021379
4.8257146
5.7977076
5.270028
6.0216875
5.5302963
8.299694
5.6043186
1.6983107
3.374426
1.3928204
7.3716764
5.7694674
4.750806
6.821148
1.2931623
6.780595
5.474522
6.013257
3.475659
4.221604
6.037718
1.8564876
4.0164204
3.8033543
4.158679
4.878926
4.176537
5.4985847
6.7242727
5.237369
5.844564
5.1834593
5.164523
1.8344496
2.3499413
3.9593077
3.211473
3.445732
7.980239
2.3283625
3.3573499
0.7367978
7.629958
8.11945
3.8974166
3.6359987
3.09122
5.9553823
6.2777176
4.93997
3.754229
0.92507946
2.055604
1.2450626
2.1254869
2.2301774
0.8072679
1.1891837
10.852104
10.161218
10.858699
10.160573
9.201446
7.5876203
2.6869187
4.8181334
3.7878714
0.25425327
2.8531804
0.5721158
0.79861456
0.32541582
3.1357822
3.849697
6.399524
6.420094
1.6249124
3.6591678
3.636887
2.9808288
2.847229
5.9365587
5.6089034
6.162938
7.0836926
7.490139
7.1242523
6.3868666
5.264696
4.212951
2.9118738
3.4708538
5.0879555
5.345312
7.2749567
7.326242
7.634243
7.5008817
7.383931
7.284322
8.137025
7.338047
3.0936332
4.871006
3.375814
4.0621486
7.40503
7.5850134
5.465294
6.4333673
6.0814323
3.5437746
7.9589877
7.125637
3.0140862
6.3621454
4.4101496
4.0273113
3.0716448
2.833624
6.4611983
2.3021607
4.7335443
6.8109794
1.5846564
1.8147234
6.745187
6.040308
6.107967
5.5221066
6.198
2.8535585
2.317397
2.4429388
2.8429337
4.0407906
4.204142
3.9387264
7.003283
2.3980339
1.781696
1.887192
1.7698876
4.398501
4.5438004
4.38451
5.346147
5.695147
4.9642367
5.769876
10.055854
8.919844
11.405296
9.755235
11.5612335
11.246963
10.135321
1.4441628
3.8185625
6.6504164
3.3184948
5.2173634
4.0321207
3.980351
10.604201
5.6247053
8.283037
1.0016768
1.6913353
5.450097
4.934911
10.25319
2.9647927
4.860276
6.075715
4.3867564
5.8963943
4.9902763
3.6292744
5.1147504
4.8546247
4.929605
4.801671
5.532557
3.806406
3.641787
3.8627853
3.826476
3.5930934
5.9144287
9.386735
5.0643897
3.401647
3.185114
6.431827
6.6456566
6.4713297
6.8707247
7.794924
9.564143
6.346019
2.474104
8.494114
8.711617
7.990636
9.135949
2.2548819
2.18047
6.080813
7.0623846
6.7162275
7.539457
7.944995
7.853727
8.287736
6.9216166
7.9112425
10.250566
10.187806
11.630267
8.898381
9.292382
9.520265
9.907029
9.897159
8.887557
9.156492
6.8338084
10.440278
9.537856
9.187636
5.6310906
10.624394
10.908054
10.527589
7.718889
8.062199
7.630097
10.179521
11.678205
10.836683
11.983459
6.658148
8.3149
9.0272665
8.392135
9.329762
10.078085
11.452012
10.223793
10.994376
10.429545
11.116809
10.354787
10.481438
7.1413503
7.2620106
10.097304
11.091964
11.008298
9.908622
9.762336
11.128776
10.384273
9.687344
7.9040003
12.672711
8.030786
11.070649
10.308745
6.0312643
4.905952
4.3262258
6.1971183
7.483489
10.100541
10.144959
9.417161
4.836027
10.004477
9.10436
9.157232
5.3171268
4.31034
4.2701674
3.8695803
4.705596
5.9598374
5.8841124
5.9986496
4.977918
6.8612223
1.1518066
7.109303
6.218814
10.008121
7.9198427
8.974308
8.781463
8.227933
8.225408
10.251784
10.219714
10.079532
10.35274
3.4948812
8.298403
7.596303
9.139354
9.824809
9.122019
9.235621
9.490233
8.209452
8.302285
7.5468984
8.774143
9.017541
9.645789
8.251401
11.236062
6.902551
6.6117134
8.836703
7.5213127
6.129421
3.6746597
5.8531685
6.27713
5.923583
5.7952824
6.3328366
7.5213127
6.529109
11.2839
10.799663
7.7237062
11.585767
4.737671
4.01024
4.1793704
4.2475867
3.5573444
10.406629
9.87223
9.8365965
4.177881
4.167525
8.602677
9.447158
9.415151
8.536236
7.2507367
7.3886576
5.5011826
6.522772
6.968911
6.622957
5.5607305
5.9430437
6.6753654
2.9188285
2.0243752
2.0641804
1.6992878
0.68055415
1.4677541
1.5028839
1.1338047
0.96448976
1.6337787
1.3227236
1.3714384
1.7955242
2.0105834
2.6795888
2.8499928
1.9404665
1.9404665
1.8035668
2.5392342
2.8715177
7.1772695
4.527162
3.8176231
5.3847785
5.3978615
8.300992
8.650661
8.6686735
8.673319
10.583631
4.7179813
7.020828
10.421059
8.421482
5.7250524
7.2642794
5.342154
7.911592
6.538845
6.257442
2.1346922
4.5434604
8.781616
4.879632
6.296368
6.5596075
3.0386457
9.954963
3.8541698
5.6731224
6.840763
6.643653
6.838336
8.886901
8.705332
8.638748
8.223524
3.6918354
3.773069
3.0425563
1.1910694
3.11523
2.3743672
7.3132753
5.097712
6.2909403
7.451527
6.313754
6.8369513
7.501521
5.0176153
8.409499
8.714398
7.1590247
7.925116
5.854597
6.4734554
6.004035
2.3672044
2.491015
6.048476
7.5187955
5.958598
6.0805445
6.3837996
7.353226
2.8576765
2.8808417
2.5371456
4.3749027
7.291784
3.834921
8.970091
2.9813728
4.0584297
4.610195
2.815648
4.7976775
1.3986145
4.624792
3.7014747
1.5535685
1.3908165
5.3192997
0.21236372
6.1027675
6.1157393
6.1252837
6.237852
5.425497
2.4130092
7.366454
2.9369497
7.594803
7.6271954
3.155068
7.668316
0.70986915
1.3677626
6.843343
8.174871
8.124712
8.625402
8.003278
2.125495
2.081813
4.960363
4.4007134
2.4024086
3.2813683
9.373162
9.28395
9.085731
9.32669
9.513486
9.00585
9.151088
9.0317545
4.104914
9.076509
9.000323
9.349225
9.260039
9.431571
8.9274025
9.067696
8.938418
9.236885
9.24612
6.146261
5.2704253
1.1187367
2.0086293
0.4133922
5.2926955
6.749321
5.826926
5.124256
4.6187873
4.276032
6.177671
3.6792264
6.816061
3.590499
3.3794312
4.141099
2.1221232
2.4384995
4.2618318
12.550306
9.0663
7.856943
9.41995
8.612927
6.770115
7.12514
7.543376
3.7778354
3.7619972
3.1499457
7.599453
6.9475517
6.6745787
5.9307
5.891039
8.686421
6.6233892
7.2916946
7.024566
3.9548483
5.614502
5.9880967
5.922584
6.8500404
5.1291914
1.9211196
-0.4861446
1.7429255
-0.11810672
7.2118764
8.391496
8.208063
0.7644529
1.1190088
0.7512136
1.0735883
0.3629121
0.7307248
8.533824
8.501411
7.635541
7.7801027
7.7059507
3.6398187
6.638587
5.761759
5.5343676
6.71844
2.7604141
3.701529
2.31784
4.749846
3.8213754
7.3147273
4.3115163
3.1168118
2.9948454
4.627879
3.8769808
4.189784
2.7414742
3.2196584
3.0329266
3.3565893
4.426947
2.8255706
6.7899666
8.818004
9.387202
4.691142
5.496445
5.0263224
4.2528825
8.550335
8.432855
9.396054
3.4934692
5.647528
9.600611
2.56671
9.94101
10.610492
5.2386203
2.0861697
5.7014475
3.5256748
9.405309
10.026639
12.116996
9.844884
10.026639
8.750642
9.578858
11.167308
9.952087
9.558982
9.345819
9.53325
10.256074
11.032184
8.749911
7.1558027
7.667131
7.541915
7.743488
6.940778
7.1558027
6.76061
8.422772
7.5165124
7.5210056
7.8495064
4.3850822
3.8879824
2.052105
10.568434
10.878033
11.47327
11.67319
10.213266
10.876206
10.965781
12.138286
3.848271
3.0402422
3.6979222
4.7763176
3.4962754
2.9964952
3.7522755
9.032167
7.5982246
6.4852657
6.713844
6.157181
8.185123
8.782235
9.215011
8.934219
6.777546
6.1811495
6.710124
3.7838383
6.1217117
6.676298
10.168159
8.862086
10.130412
7.403537
5.7232227
5.331399
5.7232227
5.749899
7.587116
7.171318
4.10649
8.494873
7.9368
8.387433
7.8890615
7.4692082
8.00113
4.837426
5.0814996
4.834477
4.9575715
5.4099407
3.416401
6.217682
6.4265604
5.6682224
4.8445673
2.0441184
4.8438654
0.5507
0.6448786
1.4514183
3.1954794
2.6690044
3.438808
4.504752
3.8095422
3.9359326
4.54033
5.7745066
4.8379717
3.220738
8.236884
6.713935
4.4513226
6.7279787
7.5567484
7.164439
7.3689523
8.222238
7.377091
6.6447134
9.584619
9.093986
7.956957
8.861745
8.949263
8.792205
10.425406
6.7014265
7.9597692
7.434963
8.604154
9.30013
7.2534947
5.1296625
3.9957175
8.059527
5.9995604
7.278037
7.4265404
4.460063
3.5527549
4.4147296
3.6641345
4.940632
4.708336
6.158492
7.4129996
10.451148
5.9774213
4.940632
7.0036287
5.8860135
6.0515127
6.991823
7.1251307
0.04326746
0.58544946
0.6003275
1.9333575
5.541685
8.64622
8.164981
2.3834183
7.381708
3.7053123
5.357865
3.3924232
8.927865
3.0010886
2.5412512
2.6853013
9.204318
5.700272
4.9978943
4.811749
7.440843
8.646774
8.203872
7.0492496
4.931637
5.880206
6.0276537
7.602564
6.3455405
6.2417636
7.0437517
6.8012657
6.9083276
7.927634
7.5858593
8.683109
7.5077477
6.7899723
7.073666
8.254514
8.331601
8.4931555
6.322423
6.74984
5.780516
11.706517
11.939706
11.375272
5.469659
4.042054
1.2980975
6.9720764
7.071579
4.5277147
5.0239153
3.5449681
6.4088583
6.411083
4.6615763
6.4978466
8.126866
6.5655317
6.3318853
5.3892136
6.1430044
5.717644
5.028392
5.893022
5.557806
6.1938963
6.3730392
3.5368958
3.5510335
3.1267376
7.743251
3.9877353
5.1916723
7.3207855
2.5148158
2.5547214
2.7380538
3.5004306
2.7244344
5.6536455
3.589016
1.7942132
7.6587434
4.1043763
5.6898794
5.952936
4.844603
4.490995
5.121192
5.498
4.558948
5.4314365
5.358041
4.181048
3.8142462
8.569862
8.388098
8.060886
8.798691
9.872994
8.498673
9.700534
6.7106686
6.595785
6.998315
4.291696
9.176915
9.9341955
9.1633
9.247001
11.471784
6.0524178
6.9337134
9.544446
8.641477
6.200363
6.7739706
8.829559
2.5581112
2.8246207
5.512938
10.136676
11.587884
11.670207
10.555958
10.614872
10.900035
9.849761
7.577973
10.399475
8.369211
8.292365
6.7440186
10.19733
10.703986
9.408795
8.670187
11.402961
10.545435
9.737929
10.530431
7.902463
9.253949
8.392235
3.8987532
9.518342
9.414279
10.737273
10.554717
10.089627
10.883172
9.692953
8.9191065
10.271735
9.737711
9.936835
9.020865
9.980063
7.627414
9.227754
10.168428
5.5874777
8.768363
8.032035
7.7792964
8.537811
3.6423979
2.4611254
5.750592
5.415006
1.1400449
1.6185472
1.9648875
4.593006
5.2949424
4.243463
3.487925
6.1005287
6.7739706
7.419918
6.1287932
6.3553705
6.2563863
7.0559044
5.1192794
5.222877
8.003056
5.5129375
4.4147663
5.765892
6.9963446
3.4138427
4.383446
6.3891163
7.568468
9.29046
8.4100275
8.914712
9.812759
10.283675
10.016734
9.62427
10.218447
8.76076
9.301076
10.028884
9.808939
8.6862135
7.6394005
7.8315015
10.158747
9.66317
8.949673
8.949673
8.68066
0.5938207
2.8880253
2.1368341
3.5271277
4.5641184
1.4784054
3.1268177
2.1368341
6.179501
6.451022
3.4476328
2.8770003
2.534038
2.0709767
3.0308056
3.8407645
3.0540175
4.2313366
2.6883688
5.472459
1.2749919
4.9282885
7.386836
6.6296635
9.504859
8.368176
9.989829
6.8465123
8.545167
3.62716
2.3079195
2.763039
2.782627
2.3739777
5.4822483
4.5013914
6.4876385
2.680225
2.4502745
2.414589
4.374854
5.211651
4.583002
1.8363525
2.1789832
1.8433076
1.7124597
1.7554594
1.499417
2.6362529
4.8905835
4.1097336
4.7840176
7.929718
7.2784367
-0.48144203
4.631246
5.5245237
3.5652356
5.658266
4.172311
4.1750894
2.0587206
5.658266
6.138756
7.7102494
2.0587206
2.121087
3.8271213
6.6802616
3.5655918
7.326811
3.8497186
4.3080325
2.9033833
5.5112534
8.330395
4.799122
7.2712464
5.2210584
1.2155203
4.867664
0.46419567
5.58558
5.5482893
5.1806498
2.4362764
4.0279317
4.7043943
4.4741964
4.6364126
4.543347
4.6944113
5.138776
6.7103453
6.478225
8.937715
7.341344
7.1887703
6.2540007
5.442582
2.5338206
2.8553343
1.6225327
4.954999
3.2721796
3.2472014
1.7554406
1.6125656
2.9549556
4.3008275
3.223816
3.574657
3.7515883
6.652035
2.2172132
2.3861651
4.903466
6.094253
2.3861651
6.652035
1.434157
10.299274
5.468371
5.71869
7.2331905
2.3122163
6.526409
6.952549
10.2121725
11.351668
3.7749119
6.541876
3.1220737
3.1220737
2.8707843
4.569778
7.3109255
2.4394283
6.149282
7.7683907
9.875093
3.977181
7.5539875
7.7591233
10.956265
9.038306
5.5080137
5.5080137
5.5080137
7.0187244
6.754917
6.8802176
9.019228
7.956829
9.60476
8.491391
8.491391
3.949483
9.81005
7.2706275
6.0675364
8.335551
4.5321503
10.255252
9.576739
4.752351
8.796725
5.9499106
10.011672
7.5315247
8.452518
7.4720244
7.33552
9.451933
8.566661
5.819808
2.968382
7.1974096
3.2567515
9.645634
7.3642917
7.391491
9.759334
9.964929
3.1178017
1.1954539
1.1698833
3.0376525
10.550208
13.172467
11.185399
10.840033
2.5648675
11.2129135
10.447583
10.989776
10.560593
10.560593
11.249016
10.251059
9.029884
9.749862
9.673951
10.659741
6.961982
9.121259
7.227264
4.831176
7.2330923
5.688238
6.129406
7.015059
5.838661
6.355836
2.9637833
4.208353
9.190462
8.3504
7.4534454
8.681342
7.178086
2.6157355
6.5502596
6.6570234
2.0930362
2.0086727
11.572924
4.300192
1.2831714
1.2831715
1.2831715
12.950878
6.079833
8.155944
7.933431
9.619073
9.2344675
8.769605
8.174751
9.342294
9.022494
9.596009
9.752575
9.907195
5.6231265
9.861368
8.489179
10.084367
8.948828
7.273971
10.4063425
10.169437
8.892735
9.121813
8.893839
9.827498
9.92556
10.04996
9.182046
8.150807
7.3638964
5.276988
5.557283
6.2222924
4.1577535
5.954175
5.1064167
7.0657167
4.2987957
5.5813932
8.486537
9.492238
8.736041
9.049463
7.343411
5.54959
7.2143984
7.929373
8.034445
2.5662184
7.46414
5.5229826
7.8577185
7.8606024
8.113205
9.185646
8.79619
10.846957
9.479733
7.229082
7.229082
10.283589
10.283589
5.3056736
5.460972
7.315483
3.3135738
5.3053765
7.0247498
5.5582085
6.380322
4.729191
9.968715
4.2194943
2.2600899
8.319759
3.010665
3.5097675
4.430108
4.7828035
2.2600899
7.559186
8.218885
3.010665
5.4604673
8.771781
8.917069
6.352111
8.216776
11.131953
9.978854
7.378066
6.3026314
5.436323
6.9181113
6.615345
6.9606605
6.9181113
8.452777
6.050154
10.226758
6.4083633
6.3842435
9.594333
9.559294
7.326556
5.2052207
8.665988
12.5274725
11.583409
9.957538
10.155473
10.517016
9.144739
11.574275
5.9881144
9.453166
7.123151
8.074353
7.8106833
5.342604
12.132625
10.589215
11.698302
10.314272
10.1105175
10.962631
9.356907
8.953343
9.980281
4.007714
7.487678
4.897273
4.2636895
8.491391
2.910027
3.2933917
5.482438
3.3608527
4.567115
2.477365
8.555478
2.8063717
8.877416
8.655466
1.9645339
3.9474392
8.603249
8.628253
1.1705192
9.860071
7.729615
7.241806
6.2510366
4.599575
8.395489
6.8314877
9.140254
8.322439
7.0639906
1.4854497
10.747806
4.444297
9.6484375
8.885402
8.339834
10.225534
10.429915
9.86943
9.633592
10.504888
4.398018
4.430979
4.4817486
4.2678933
4.287434
3.2362828
9.511186
5.420973
8.721301
10.323145
9.001752
10.970688
7.202535
6.8553233
7.2558446
7.042534
3.328578
7.6711373
6.7503214
2.2507062
5.952632
6.5757685
4.8508444
8.589705
8.494091
10.227019
6.77794
8.142613
9.362702
8.266148
7.136981
6.3945637
8.042627
9.962275
10.010475
8.399054
9.570861
10.071461
1.949855
4.24606
7.4785376
6.0639634
7.6102676
4.24606
0.8343913
2.0342522
7.5257444
7.163089
6.7045145
9.409638
9.116971
6.2713375
8.157418
4.863838
-1.7048045
4.231807
3.7702808
10.37546
9.774799
10.413011
10.856471
8.571521
8.867454
8.087107
8.800382
10.852895
9.57298
11.485455
10.005632
10.021383
6.136142
6.7641025
6.9202285
4.1443863
8.535525
1.6571705
2.7825413
4.1808333
-2.0994048
1.7960066
4.496172
6.32317
7.0575643
2.1794105
10.293594
10.759903
3.5167584
11.770925
10.759903
7.9733777
6.9274836
6.534251
9.994908
9.984881
9.91915
9.942902
3.3825812
4.8438635
2.7597456
10.7238245
9.654407
8.617041
10.430834
10.437522
11.029113
11.567631
9.6010475
10.564788
10.474971
9.051709
7.0803547
6.8476896
7.844053
7.3801327
6.017193
8.633892
5.9387884
3.4290023
7.0677147
6.7525606
7.771382
6.7525606
8.793644
5.147627
8.771149
7.7858305
7.4869285
6.4210877
6.7593784
9.106626
9.020282
9.123878
9.056023
9.1675
10.079431
9.873326
11.576175
9.501338
8.423701
9.123154
12.246566
9.26383
11.275341
8.655741
11.862248
8.979856
12.064901
12.124998
11.706159
8.911985
6.0338163
4.843816
4.3856864
3.6712017
8.588458
8.508859
4.8817654
4.4919357
6.1752243
5.82883
9.060851
5.857652
2.724502
3.523254
3.523254
2.9522028
3.523254
3.2663746
2.6200166
6.074484
13.556134
11.226473
10.852918
11.089962
10.797647
11.17199
10.955704
10.736413
11.088912
9.887776
12.757241
11.329502
11.013736
10.858181
11.039123
11.180795
11.154464
11.5958605
11.362302
10.886737
11.207067
9.892816
5.6599255
10.9476
9.419978
9.752827
10.99904
9.617822
9.444595
9.683213
9.791434
8.96779
8.263654
8.736108
9.293534
9.143179
8.114987
8.945466
9.34831
9.120023
9.369805
8.275248
8.199653
11.007625
10.965286
11.762136
11.853879
11.357659
9.909433
11.408683
4.8040943
9.9273405
5.927203
14.793872
13.395631
15.502273
14.82352
12.578613
7.401261
11.951814
10.569383
9.277606
10.927596
10.057479
6.56659
10.130158
8.799828
5.4948134
5.789438
12.938715
11.706543
10.992361
13.122788
13.76514
7.876834
10.180806
10.20139
8.758714
10.363223
9.0864105
8.260736
7.9632864
8.007081
8.086619
9.56111
9.272454
10.337615
6.8256917
7.9988728
11.835696
10.582696
10.3336115
8.356449
8.172526
10.905051
10.850488
11.633336
12.496285
7.8775525
10.2142515
8.993007
2.963904
2.8206935
7.3134813
10.739237
7.448662
2.162445
2.1034074
2.5557275
6.9079037
4.9797096
5.162058
2.8036647
1.6527501
3.8312435
2.3873358
7.8997803
8.76975
1.9243319
5.4199085
6.5208416
8.2102585
0.1469897
5.2187967
6.1187243
10.773852
9.488196
10.415269
11.145463
10.33844
11.059485
11.117259
10.988435
10.411971
10.415893
10.118276
10.057094
10.474541
11.375962
9.488196
8.116387
-6.300144
-10.826475
2.547379
6.572987
5.659837
4.3633747
5.4988995
12.119281
10.836014
11.981129
7.1731415
5.0997887
8.031507
11.863458
9.714019
11.646804
9.782429
10.737292
10.1439
3.4010844
4.0338655
4.722856
4.1320467
6.6453943
11.323958
9.252593
11.067525
10.488878
9.888762
10.09394
13.840669
12.232839
11.778379
12.05132
12.348426
8.817788
3.245665
9.979661
10.367761
8.941544
8.9429245
3.7196908
8.165638
6.229123
6.0305204
9.765483
10.461924
8.804842
1.0472001
10.740238
11.094548
11.520248
10.120336
6.1536994
11.749361
9.936558
8.475039
10.427349
8.02145
10.214507
2.2793841
4.9763966
5.325245
3.7074184
7.0609345
5.8344526
6.365672
11.133899
10.187041
5.176448
5.117322
4.117149
10.418596
8.279881
12.339717
11.757802
5.588065
2.1266599
2.455387
4.2482843
8.459358
9.8857155
6.7755747
3.179318
7.541134
6.8218603
9.789703
9.172365
10.216775
10.001956
8.035021
10.7080965
7.909538
2.980627
7.837285
2.5405393
2.5405393
2.5405393
2.5405393
2.5405393
2.5405393
6.494362
7.8151617
8.534827
5.439406
5.439406
4.5023017
5.870159
2.6131716
4.7481318
7.8114347
8.378504
2.9333792
5.197789
6.160535
4.7674203
6.2132387
6.871737
5.080664
7.139223
6.3383217
7.428317
8.756795
9.900374
9.52408
10.323054
10.132712
11.327712
8.986383
8.256185
6.0281425
3.5532131
12.94969
10.146353
9.289428
8.1895685
7.4233336
9.243523
6.635785
7.857601
7.1898937
9.760833
8.292709
7.8567944
8.344906
7.637183
0.6724532
0.6724532
0.6724532
3.9753404
2.723205
4.060653
5.094958
10.107249
3.2049713
2.084887
4.59846
2.1606581
2.050918
7.573868
4.269012
5.1134133
2.9446034
3.8451176
1.2382965
0.56880856
4.1488147
5.374986
6.0928364
4.5271373
10.325902
10.324868
8.541613
7.745674
8.541613
9.326137
1.60892
6.488225
4.228665
9.536765
10.4428625
10.257874
9.566649
4.8619537
8.105476
9.505292
8.019108
8.865571
9.625519
10.147992
10.208056
6.452572
7.2395477
4.5321636
4.5321636
1.2625645
10.598321
4.484212
8.810176
9.302621
8.120804
8.313884
12.863523
11.988839
12.11636
9.307418
9.920928
11.072118
5.3604474
10.144819
11.476645
10.402442
12.012828
16.782288
15.582502
11.827701
11.668505
9.99602
10.4201355
11.668506
9.441438
10.841822
12.064389
10.569644
10.87679
11.342782
10.638127
11.677737
7.8559036
6.2419887
3.9637809
4.7183995
6.4596367
7.2297425
6.226923
5.9335566
6.2304087
6.112766
7.470888
4.280037
2.9777203
8.814387
7.150574
6.160212
6.0274963
5.504223
5.6942725
6.0554614
10.759526
11.472843
10.9299555
11.036647
10.946111
10.134663
7.9425874
8.917275
6.0077505
12.767972
12.376444
12.800294
12.236165
12.076901
12.19102
11.612335
11.576341
11.986745
11.7408
10.890745
11.385173
9.94699
12.115396
12.297267
11.732212
11.610042
12.864308
12.156644
12.2911
12.2683115
11.443215
12.42483
12.05478
12.264219
12.572984
11.965421
12.297268
10.3887415
11.009609
11.437367
11.412812
11.116428
11.008895
11.094806
11.699466
10.879077
10.490136
0.16953227
3.1317234
1.407111
3.5145793
1.954976
3.0639663
1.2929765
1.4268061
7.492605
11.48866
12.370465
9.130423
9.73577
8.954581
14.960902
13.235576
10.417745
11.229051
8.43089
8.828513
6.4286737
6.9650917
7.94964
10.637034
7.012034
5.638428
4.9858804
3.3175411
5.6351123
6.076498
6.2849855
6.3183784
6.3394156
5.9284925
6.075409
8.026208
12.054684
11.888943
11.4725275
8.969428
6.293258
6.1001205
6.4064674
5.71869
7.5106344
7.5160046
7.1508226
7.538718
7.3570604
7.480651
10.1063795
9.903045
9.146868
10.044934
9.289331
9.496262
10.12069
10.781811
9.272336
9.0578165
8.506705
8.373621
11.747798
13.037185
10.12724
11.784422
10.909989
10.976406
10.085553
10.561744
9.508937
8.451419
7.4566503
8.37524
8.53404
9.913461
6.133146
10.460567
9.941787
11.386518
11.632901
9.898923
9.631736
9.733682
8.337739
12.069879
9.306832
8.952819
9.513913
7.0866976
3.8089418
5.0425544
8.916148
9.265783
9.011312
11.11131
4.0209866
5.4099874
4.21737
5.7906246
7.239112
8.362762
7.557813
6.8173485
8.698724
1.8891652
2.2811399
1.760047
9.948737
5.660185
5.8902836
5.3001375
9.240375
4.8694057
3.4103112
3.46201
8.547469
6.905092
13.1424265
12.36567
12.681411
11.774585
10.616805
0.8322279
0.8322279
8.768872
9.418693
2.9447403
9.235456
9.682904
6.9629965
10.935742
5.3238487
9.934762
10.185907
9.983447
10.367596
3.963128
8.857838
8.750609
9.321798
8.710084
10.24852
7.743453
4.026446
5.9242597
5.8749433
7.1955824
6.449805
6.950407
8.601151
3.7866325
10.160957
9.519586
9.682275
9.617671
8.441281
9.766528
11.535964
10.128806
9.648109
7.498639
10.250598
8.716095
7.68141
9.278842
8.655872
10.298494
8.658675
8.414867
10.3218975
10.565125
11.203119
11.45893
11.533539
11.965484
12.031297
11.775923
5.510355
9.919768
8.347749
7.037793
4.599169
5.5019636
6.3897367
6.469696
5.5813527
8.251081
5.9469366
8.462427
9.787514
8.045479
7.8776197
9.412103
8.743571
8.245529
8.319351
8.884114
11.429647
6.6599708
5.5127516
6.0727415
10.443465
8.589127
7.446868
2.8098335
4.2481966
7.9368477
10.400582
9.858372
10.44878
10.89468
10.29416
7.424884
10.068762
10.503069
8.743234
7.228816
7.154064
8.060821
8.084707
8.306782
3.2951765
3.1559844
2.270546
1.7663547
10.193311
8.320047
2.5148544
2.3832417
3.5505037
1.7958614
4.444068
1.464688
0.5398635
4.2705092
0.915951
3.8274007
9.963393
10.54739
9.76814
8.126605
8.518689
9.599896
8.339512
6.5350385
4.686782
4.107749
5.7743244
7.1623745
6.2166395
7.0162387
5.423058
8.321329
7.0671954
6.561463
8.090921
7.878209
6.911442
5.1622844
4.063936
6.1325045
2.3994565
10.164227
7.3347554
7.347905
10.167102
6.8023534
6.571452
6.5448375
2.3452635
2.7651935
2.5297422
3.3866658
9.2568
10.170619
10.274175
11.019913
8.222762
9.649795
10.568614
10.052101
8.913381
10.152252
7.5055094
6.3576307
7.280028
6.4411807
7.133322
7.240637
10.385959
10.200925
11.57259
10.437233
11.166659
11.16763
11.07199
8.882045
1.8463665
10.194097
10.084004
10.13075
10.039351
10.180936
9.805771
9.857917
9.798343
7.567993
11.304027
10.10194
11.105348
10.93419
10.132928
10.67656
10.7661085
9.941878
11.097011
10.642108
10.740234
9.603156
6.7484803
9.302165
10.105422
10.744399
10.30256
10.452427
10.280136
10.271505
10.953818
11.224267
10.40776
10.246735
7.1636553
5.602211
7.3205185
4.6150455
3.147822
4.8407154
10.267978
10.350568
10.573962
10.696995
9.890569
8.204053
2.5245261
9.120564
6.992524
9.797021
9.313085
8.7909775
4.737671
2.9166555
9.5065365
9.468378
8.150169
6.689287
9.355484
5.6927576
9.787816
7.4597464
11.330916
10.5376215
10.978951
10.70857
10.323112
10.625306
9.235364
10.77671
6.6853685
8.13541
9.892573
6.175696
5.8443737
4.870398
4.5573354
5.514027
7.125434
7.130374
6.1289997
6.7225013
12.159184
10.074355
9.68754
7.8215322
4.8664045
8.947828
4.6348724
10.8890705
9.092525
9.60131
7.744703
6.6699657
10.531231
10.212308
10.787151
9.013776
9.321624
9.343197
8.675347
7.9410963
7.9836197
11.473582
7.48392
7.913408
8.3069
10.220698
9.205645
8.306899
5.9988375
7.5954337
9.227883
4.6606836
7.7804794
9.018395
7.6462584
8.938692
9.03112
8.393881
9.210927
9.312808
7.7796826
4.419374
11.0183
10.850446
9.432232
9.938274
7.438584
6.403023
5.8459682
9.747426
9.915938
7.2250376
7.284899
8.399162
8.248866
8.3934145
8.3439045
9.641058
12.065745
5.696835
5.6607847
5.9803886
8.767698
8.015583
5.554594
6.2423434
7.2541695
5.586378
7.344082
8.622516
6.3007345
7.4210873
6.984966
6.000867
8.543807
9.369737
8.399628
9.543448
7.6802506
9.101439
8.707829
8.712027
8.698419
8.597149
9.121159
8.864077
8.473534
7.3213606
10.712844
11.064563
10.89189
11.009457
12.003703
11.080085
11.041301
11.769177
11.170371
10.880024
11.216731
11.506052
11.1865425
11.534643
11.06186
11.189816
11.0164385
11.322782
10.846532
11.297369
10.9556265
11.051122
11.085755
11.206488
11.214896
10.907704
10.743554
11.321317
11.319582
10.982502
11.080644
10.89424
10.897655
11.250151
11.352795
11.154673
11.01612
11.199962
11.401847
11.144352
10.45704
11.115367
11.312722
10.796918
11.0208845
11.288301
10.582793
11.131877
11.024026
11.216203
7.3304167
8.422647
8.910119
2.717854
7.129648
5.0699205
7.129648
9.2937355
3.8125024
8.127014
8.896928
3.0878496
5.0879
8.40708
11.023285
8.200914
6.9550734
8.476466
9.611653
8.287106
7.313033
10.189745
5.564845
6.1735983
5.803837
10.147923
8.985116
7.823428
7.753974
7.8931823
3.5673356
2.3257556
9.846438
7.2731533
7.939215
11.742741
6.6560497
6.0378466
5.612836
7.1763678
8.832081
5.1639633
4.41134
4.4303417
3.8078804
0.835987
1.311585
9.4289465
9.132812
9.429326
9.718876
9.484477
9.927158
6.322444
6.2552853
7.5930977
8.857228
6.83723
8.395735
7.1665907
8.116178
7.8488965
7.6969438
8.239241
8.599246
7.944314
8.709537
8.906789
8.78909
8.293843
7.6912613
8.5398
7.840082
8.2555275
10.650094
10.529914
6.716567
7.833587
10.0963
9.819192
4.1346517
3.9795942
2.7546759
3.885109
3.8087873
5.442419
5.2385206
5.5672727
5.1574492
5.383951
6.2131433
4.9929643
4.586395
4.2317195
8.320493
7.1822224
6.946729
9.2055
6.595663
10.208966
9.882522
9.193826
10.452069
10.792222
11.416968
10.846156
8.793013
8.793013
8.92936
8.351167
7.863954
8.360511
7.91961
8.111209
7.8308663
7.9963484
4.962223
3.211461
9.411088
4.5415564
8.247229
11.29075
11.4099455
10.236302
10.843822
10.085369
11.13179
9.684017
9.988492
10.660468
11.433492
10.946853
7.7135954
10.8630085
10.21092
10.852242
10.523686
9.970982
8.706284
7.4451656
9.675624
11.055978
6.8902483
10.39322
10.232711
4.832241
9.126098
10.323632
9.984996
10.288857
10.067385
10.165942
9.292139
10.480186
9.985823
4.391427
10.5204935
10.011956
7.2248964
7.350806
8.655448
10.042927
10.0205965
9.804801
10.064036
4.3060894
4.0236964
10.109229
8.173654
7.6177387
6.4556108
7.318516
6.8279433
6.0259333
5.6448956
0.7150359
1.4640932
1.6635022
2.053185
2.410429
2.0301743
8.097967
4.8467693
4.9564433
7.01729
8.2583065
8.572255
8.301845
7.982245
5.8815255
1.7204273
5.1491704
8.564316
9.281817
10.425616
8.944486
6.1168413
4.9571967
6.3300886
5.9275293
10.803778
10.495854
10.05742
10.172133
10.616541
10.28976
10.311511
10.664315
10.005801
11.002524
5.5006227
2.5949173
5.620935
6.100651
5.7401876
6.2746024
7.790305
10.979998
11.348542
11.508958
7.374562
7.8484197
7.9226484
7.853147
8.808099
10.007096
10.484427
9.754623
10.146632
7.929621
8.345111
8.745349
10.363481
8.93295
8.180563
7.8428073
10.64813
5.8025107
7.845911
8.019831
3.688685
3.9468732
5.9801655
8.287589
10.973744
10.258643
10.27575
10.296262
9.774641
9.908049
10.502702
10.456191
11.5761
10.943515
10.212474
10.593395
10.636006
10.658571
10.114989
9.009562
7.2121277
8.9548
8.9548
5.290702
7.0978775
5.459823
3.9137015
7.2351594
9.430978
7.0598917
3.6774
4.6368847
7.234535
10.86408
10.210537
7.8391714
7.7100153
11.336778
6.369236
2.5500593
5.630256
8.393486
6.762336
8.868025
4.8722315
7.775177
9.221167
5.094643
8.938322
8.873029
7.4044933
7.397482
5.6189327
6.797966
11.064443
10.212819
8.798482
10.413884
5.7828407
7.076003
6.011669
9.315199
10.5333
10.12444
8.941747
9.4297495
9.440223
9.8710165
8.85406
9.534366
9.741731
5.6096716
6.9251127
7.724702
7.4220467
7.220761
8.868392
10.385851
8.712828
9.8603
5.64999
5.4834533
9.197103
6.537366
3.9680724
6.5455294
11.870377
10.563928
10.380864
11.40404
1.4832038
9.007865
9.654613
7.286328
5.189353
9.823541
9.881457
9.813139
9.89405
10.227557
6.8527675
7.5294905
9.950806
5.844836
5.165359
6.858183
5.7688837
7.43781
7.3308477
8.5102415
10.273992
7.9922166
10.856055
11.226628
10.323784
10.044707
10.501554
10.849377
9.906458
10.514499
10.203169
10.137359
8.81759
10.092732
10.137359
8.997869
8.81759
2.9166555
9.78638
9.659904
9.94944
10.249097
7.070434
9.916479
6.906108
3.8977137
10.123011
6.2417955
10.433398
4.8466606
6.687701
5.0927114
5.2910438
4.26426
4.26426
5.4183497
5.9864407
5.558455
5.5658135
5.4720883
9.003686
6.94223
7.028412
8.451197
9.037717
9.89968
6.2890286
7.5154777
8.127226
5.2432594
9.801455
9.588279
9.829814
10.469497
10.524165
10.309376
9.494071
9.909534
10.493078
5.623749
7.4649653
9.191604
9.895591
9.755109
8.061068
8.150368
10.45042
8.941918
9.26215
9.55659
5.212614
5.212614
3.2086835
4.4545937
4.286398
9.84281
8.29127
9.547966
8.720605
8.786976
9.756038
5.775951
9.360727
3.8935432
6.416649
5.565488
9.230975
5.8679132
6.0257673
6.945787
7.1543303
5.574478
5.384311
6.6838512
5.5953317
3.1681533
3.2530398
9.575257
2.6046824
10.970584
10.968087
5.7534003
6.377768
5.799288
8.177493
8.366018
7.89736
2.315958
8.240527
8.240527
8.061877
9.141922
6.273917
9.947625
10.206009
9.322998
5.263751
6.612568
7.292704
2.6606755
5.054175
1.8798916
2.1257944
3.9100823
2.8473287
10.932672
12.6183
9.833187
10.022975
9.060098
7.2341537
6.897536
7.7656455
8.788127
9.511392
6.294842
9.627675
9.748778
11.611389
12.280671
11.730735
8.960902
10.750281
12.059889
12.12062
3.1513166
3.8600602
3.1000595
3.1594381
10.32184
10.310262
10.182401
10.281745
10.105215
6.9569826
5.815031
6.1828938
9.504331
6.509978
5.9043956
5.6419945
8.163519
6.5686474
7.077814
6.4881015
5.421197
6.8674173
7.427223
6.416072
8.573016
6.293258
6.544416
4.378515
10.342568
3.1899533
5.8841133
4.6865253
1.6507405
10.12028
7.3870897
11.520114
11.298144
2.3036885
4.22151
10.565852
10.297559
8.541486
7.701403
10.013706
10.713691
7.084321
8.892949
11.32784
9.955337
10.253637
8.529631
9.683103
10.808475
11.56881
9.945556
11.145421
8.913423
10.271523
10.287198
7.558315
7.0809646
10.102094
2.070438
9.449246
4.1061525
0.44333625
1.0349444
0.82364166
3.1449242
2.2597818
3.0576816
2.8792915
4.0362573
3.7451115
5.272113
3.8569307
2.881226
11.427392
10.933959
11.95348
10.410395
10.935932
12.113404
12.008965
10.98288
11.580873
10.671998
5.746931
6.488239
6.026952
5.551809
5.551809
9.623065
5.3956943
5.73861
4.906639
5.2777104
5.47767
7.6909437
8.332845
6.648553
10.939847
11.393186
10.86694
10.588649
11.009331
10.482249
10.89202
10.290872
8.771577
2.5304804
7.775964
8.113017
7.449074
4.911357
1.3416935
3.7077632
9.3945265
2.5068974
6.245329
5.9917345
4.7412567
6.1541586
3.7466922
9.7418
8.610057
8.370163
7.0547714
7.322915
8.29608
9.331149
9.408803
10.169904
6.4632025
5.58245
3.5214043
3.9970498
4.0613756
7.05803
4.5050893
9.078074
9.070352
8.7408905
0.8655821
2.6674047
4.310631
2.0628195
8.748605
3.111435
1.2919073
1.5820302
6.21619
9.306311
5.155266
4.585433
4.9779015
7.427374
9.467683
6.451702
9.931703
4.0704527
10.867156
10.534414
1.7914966
4.5050893
7.2238774
6.575295
7.9349537
8.462741
9.235525
10.48434
11.290482
12.585077
13.141936
4.994215
4.718496
4.277453
6.757434
6.0221987
6.2461805
2.8423414
2.9054193
6.5404673
6.118746
5.187751
8.511652
8.391733
11.9833
11.685165
8.571536
7.502818
8.359112
7.005129
7.225069
3.047192
7.370267
7.4105043
6.5002623
7.4816656
8.17381
9.795255
9.309264
9.193826
6.9526405
4.03861
9.396322
10.24221
11.065169
11.270213
11.229247
10.374843
9.733762
10.124009
9.541533
10.3730345
10.3973
-0.08230284
-0.34571898
-0.092086315
7.318516
-0.56663454
-0.5727552
10.949838
10.931859
9.681766
10.896756
11.05063
7.794936
9.170761
8.132822
8.741401
10.395538
9.670163
7.7219543
8.283384
7.272361
8.894415
10.092389
9.719973
9.666256
9.896032
8.76728
11.658145
9.120826
10.405488
9.31384
9.096771
10.010906
10.511146
9.3474045
9.527474
9.284071
9.636637
9.294042
9.447172
9.570083
4.6531367
4.8496904
5.810171
7.0232897
6.5575194
9.645675
8.192584
9.371112
7.3986387
1.8175546
0.07871801
1.4177946
7.226981
9.018375
8.516361
6.7787056
4.5258446
6.3984065
5.3939786
5.573745
11.356963
11.303933
11.197103
11.242394
10.616958
10.70542
10.780236
10.409461
10.631381
9.193826
11.076592
10.900651
11.128961
10.731828
10.882661
9.636637
10.46077
3.211461
8.246152
8.03079
9.378834
10.378149
2.5892138
10.152704
10.164496
9.051963
9.779206
6.971083
10.266107
11.303621
10.104445
3.6428094
8.473294
8.93527
7.870185
6.8883276
8.336829
6.1382256
6.0979457
6.4366713
6.6646953
6.7692475
7.479556
3.5845337
5.6299477
8.060542
8.328151
6.9031477
7.024356
8.338382
6.1690607
5.1653748
8.32108
10.604568
6.4823246
8.853826
7.829299
7.132222
6.6809
6.7787056
5.700139
7.7228703
1.1782465
1.6117704
2.0833118
2.2486444
2.5337968
2.5634866
-1.007502
-0.0151952505
-1.0258588
-0.49733078
-1.3982897
10.664229
10.920848
10.868266
9.879518
9.375093
10.319292
9.976575
10.606622
10.018325
8.868508
5.793395
6.2008634
3.1353369
3.8049154
5.8776145
4.7042823
8.256788
3.692453
10.359378
5.8659925
7.55289
6.02894
9.159509
8.386632
10.214349
9.514999
10.407162
12.492045
10.357583
10.453679
9.053383
12.004366
8.760647
6.1650105
6.271212
8.124126
9.018981
8.754338
7.7999053
4.9015846
4.1615734
7.5681353
3.8691611
5.60143
6.1111927
2.6813931
5.2232933
5.231081
6.4901896
8.492787
8.814447
10.071145
10.944229
4.1508594
10.059176
9.785449
10.138885
9.745504
10.415346
9.556001
9.659352
9.584202
10.6433325
9.481766
3.234148
6.01623
6.089361
4.790402
7.5351095
6.7179785
10.754407
9.384025
2.3313155
5.25095
10.115113
8.879331
9.136615
8.46741
9.125026
10.327347
9.740308
8.945133
9.047951
10.007228
9.978628
9.828412
10.595321
9.148364
10.428681
10.262698
10.474404
7.7294884
7.9254456
8.0453825
6.7484803
10.598876
10.246495
9.20876
11.291196
8.803502
9.239686
7.924133
8.545954
8.059123
8.769219
1.3927615
9.48244
10.28402
11.562356
11.205207
10.50279
10.324542
8.170962
9.812844
10.78766
5.968446
6.0886283
6.2099223
5.976427
2.8387017
2.8593054
6.224064
7.993564
9.540723
7.550435
8.949466
4.4213343
9.62178
9.006493
7.4145427
9.650998
11.046483
8.079636
4.04543
5.530516
4.7636113
7.990277
9.770734
6.58235
5.5623226
11.197432
5.430625
6.037981
3.3384485
9.428069
8.357712
10.888969
10.06881
8.054551
8.889718
8.705659
8.801809
8.762407
9.987824
9.510371
8.355269
9.305109
9.20692
9.165914
7.4786453
8.821943
8.97249
6.1860485
8.137027
4.4311495
6.819189
3.2856112
3.9438758
9.977448
10.127368
10.715117
7.905061
8.610798
5.996766
3.918869
11.309323
2.5409708
1.4717473
7.06406
9.536365
6.865981
10.596961
11.13547
12.033412
11.536576
10.427623
10.168851
11.889987
11.090868
10.147651
9.45928
9.192642
9.289631
8.298566
8.948438
7.9828157
9.857633
8.060251
10.239937
8.054117
6.7484803
2.547379
10.830919
11.698387
11.093383
7.222619
6.413789
7.154932
9.725284
9.2117815
7.49533
11.76657
13.501955
9.0556965
9.329158
9.47556
11.882378
14.142644
10.523276
6.016439
4.961954
5.841713
9.673032
9.836125
10.515964
9.784078
10.034936
9.162759
4.2368417
10.112004
3.829557
8.782136
5.5710173
6.302368
5.6042094
7.0467987
3.9905496
3.9831276
8.239622
7.528995
7.624237
5.4932423
6.302368
6.4737487
3.9831276
3.9905496
5.9414434
5.4932423
5.4932423
4.1427464
3.9905496
10.320171
10.882365
6.798853
8.284954
9.50184
10.42224
8.840367
12.252412
12.146684
11.889251
9.174724
10.340507
9.69192
11.185149
11.431724
10.916687
11.5412035
11.8035755
11.813876
10.275962
9.201097
11.662663
10.38355
10.939766
11.818038
11.685412
11.124637
12.319631
10.889744
10.201005
13.428193
10.197871
10.155477
11.398115
11.381742
11.380533
6.109066
8.457701
2.7471657
1.9705617
8.91616
11.151114
12.5512495
3.997777
5.658759
10.563094
10.453216
10.205803
10.08285
8.384653
9.009479
6.585165
6.5492983
9.363482
10.271808
10.719993
11.976464
11.371645
10.626683
9.414473
9.308633
10.800429
9.504231
9.479829
9.381213
8.992491
9.713405
12.588247
12.232446
12.913506
10.726321
7.859419
8.758177
9.476355
8.713554
9.381593
8.576793
7.6986976
7.920532
6.9294367
8.107271
8.490806
9.847333
8.448938
8.821179
6.870883
8.844929
9.847333
8.810567
8.448938
8.821179
10.362586
9.969223
10.479836
9.79778
10.288005
9.891807
10.091013
6.5752025
6.145253
4.455993
5.5792465
8.069206
4.7719145
8.961698
8.622807
10.374674
12.1100855
6.079341
6.3941317
5.65362
8.853108
10.374401
9.230676
9.060093
9.995267
9.743931
4.5997
3.7211185
8.583077
10.822068
9.982366
10.088044
10.189275
9.471654
9.629237
10.255805
5.5140705
7.222619
4.771915
7.222619
4.771915
3.6407099
7.318516
7.318516
12.064314
8.356779
8.543685
9.03042
9.017396
10.362307
9.796945
10.09081
9.036293
11.159948
11.911593
12.501624
11.5199585
11.738333
9.704688
9.529143
9.818357
10.229222
10.109876
11.887908
6.237452
6.408447
3.738659
4.12468
11.091657
5.98024
4.0012383
11.416766
7.248395
10.088732
10.022976
9.283873
10.612784
10.134934
9.895804
10.693028
8.058152
11.462026
10.799622
10.427405
9.963902
11.046019
10.766824
10.402423
10.1050005
12.042681
11.130468
11.164237
10.682407
7.2916336
9.315565
9.836746
9.924494
8.70744
9.19425
6.1556816
9.929767
9.128665
11.739219
11.042543
12.092225
9.146955
9.051684
7.9742265
10.004155
9.013941
8.957125
7.7677145
2.5493774
7.4349823
6.917018
7.592971
7.2492228
7.742067
7.7867713
8.573553
8.95535
10.140454
9.902682
9.849263
10.042885
9.772479
10.122959
2.5148878
8.633404
